XAUUSD MULTI-TF KLINES | generated 2026-04-18 16:12:13 BJT | build=20260418161213
timeframes: D1, H4, H1, M15, M5
============================================================

### D1 | XAUUSD_D1_last300 | 282 bars
时间(BJT)|开|高|低|收|量
2025-03-14|2988.26|3004.82|2978.27|2988.31|275370
2025-03-17|2984.59|3001.89|2982.27|3000.85|234335
2025-03-18|3001.38|3038.10|2999.39|3033.83|256475
2025-03-19|3033.92|3051.69|3022.48|3047.16|248575
2025-03-20|3048.55|3057.42|3025.77|3044.61|263229
2025-03-21|3044.78|3047.51|2999.11|3023.03|248443
2025-03-24|3023.82|3033.33|3002.45|3011.88|272785
2025-03-25|3011.05|3035.96|3007.41|3019.81|229415
2025-03-26|3019.47|3032.01|3012.00|3019.14|239093
2025-03-27|3019.31|3059.62|3017.53|3056.72|287894
2025-03-28|3055.90|3086.74|3054.15|3083.97|280080
2025-03-31|3087.90|3127.71|3076.68|3123.99|311350
2025-04-01|3124.73|3148.94|3100.78|3114.10|311982
2025-04-02|3114.01|3141.91|3105.10|3130.97|290091
2025-04-03|3131.52|3167.68|3054.05|3114.27|406809
2025-04-04|3114.01|3136.22|3015.67|3036.77|391098
2025-04-07|3028.80|3055.42|2956.46|2981.85|449200
2025-04-08|2982.28|3022.70|2974.83|2982.02|361228
2025-04-09|2983.85|3099.53|2970.10|3082.77|432588
2025-04-10|3080.68|3176.43|3071.40|3175.38|394686
2025-04-11|3176.87|3245.13|3175.95|3237.94|407783
2025-04-14|3219.10|3245.67|3193.65|3210.64|329910
2025-04-15|3211.92|3233.66|3209.77|3229.43|261390
2025-04-16|3230.45|3342.85|3229.68|3342.79|349220
2025-04-17|3343.17|3357.78|3283.79|3327.12|340657
2025-04-21|3331.29|3430.39|3328.96|3424.13|348074
2025-04-22|3423.85|3499.99|3366.71|3381.00|421970
2025-04-23|3321.96|3386.56|3259.96|3288.35|406770
2025-04-24|3290.74|3367.23|3290.74|3348.68|348352
2025-04-25|3354.47|3370.97|3265.06|3316.31|344767
2025-04-28|3329.58|3353.06|3267.98|3344.13|325332
2025-04-29|3345.19|3348.61|3299.42|3316.93|293803
2025-04-30|3315.82|3328.01|3266.58|3288.61|309262
2025-05-01|3287.66|3290.04|3201.70|3237.61|315848
2025-05-02|3240.73|3269.17|3222.64|3240.62|312572
2025-05-05|3241.79|3337.52|3237.67|3333.56|318065
2025-05-06|3335.68|3434.68|3323.20|3430.51|356106
2025-05-07|3425.84|3430.24|3360.00|3364.26|364820
2025-05-08|3366.96|3414.65|3288.76|3305.78|363463
2025-05-09|3307.84|3347.48|3274.81|3325.42|341870
2025-05-12|3287.71|3291.71|3207.71|3234.80|391038
2025-05-13|3238.96|3265.43|3215.51|3250.13|325023
2025-05-14|3252.02|3257.01|3167.67|3177.43|359704
2025-05-15|3178.06|3240.62|3120.34|3239.87|352422
2025-05-16|3239.29|3252.27|3154.11|3201.36|337527
2025-05-19|3212.17|3249.79|3206.23|3230.18|312631
2025-05-20|3228.87|3295.70|3204.57|3289.89|315952
2025-05-21|3291.30|3324.89|3285.40|3315.10|333406
2025-05-22|3319.25|3345.35|3279.18|3294.81|355326
2025-05-23|3295.46|3365.88|3286.92|3360.07|333594
2025-05-26|3352.87|3356.59|3323.56|3342.19|219125
2025-05-27|3343.45|3349.87|3285.13|3300.51|317403
2025-05-28|3301.67|3325.53|3276.55|3288.45|306266
2025-05-29|3286.59|3330.96|3245.46|3317.65|339781
2025-05-30|3319.51|3322.77|3271.18|3291.15|307935
2025-06-02|3298.03|3382.95|3298.03|3381.68|313846
2025-06-03|3383.66|3392.18|3333.18|3353.41|300971
2025-06-04|3355.56|3384.58|3343.43|3372.32|298168
2025-06-05|3373.13|3403.57|3339.27|3352.61|338329
2025-06-06|3354.47|3375.49|3307.12|3311.93|330582
2025-06-09|3315.33|3338.29|3293.22|3325.58|296446
2025-06-10|3326.92|3349.11|3301.74|3322.53|308738
2025-06-11|3321.42|3360.73|3315.56|3355.14|321024
2025-06-12|3358.36|3398.88|3338.78|3386.95|346842
2025-06-13|3386.13|3446.76|3379.71|3432.55|365207
2025-06-16|3442.76|3451.34|3382.50|3385.38|324277
2025-06-17|3386.40|3403.35|3366.28|3388.63|325542
2025-06-18|3392.22|3400.01|3362.41|3369.42|314481
2025-06-19|3370.71|3387.80|3347.34|3370.35|261214
2025-06-20|3369.16|3374.49|3340.04|3368.99|283982
2025-06-23|3391.29|3394.68|3347.13|3369.24|322964
2025-06-24|3368.31|3368.81|3295.41|3323.13|328382
2025-06-25|3324.17|3336.99|3311.80|3332.18|258532
2025-06-26|3334.67|3350.28|3309.55|3327.89|284926
2025-06-27|3327.17|3327.57|3255.63|3274.65|327184
2025-06-30|3280.46|3309.44|3246.35|3302.95|287696
2025-07-01|3303.12|3358.05|3302.36|3339.02|294783
2025-07-02|3337.59|3360.04|3327.57|3356.98|268508
2025-07-03|3358.87|3365.77|3311.34|3326.11|255130
2025-07-04|3326.22|3345.13|3323.61|3337.13|181230
2025-07-07|3337.36|3342.68|3296.50|3336.32|302593
2025-07-08|3339.55|3345.83|3286.69|3301.71|279835
2025-07-09|3302.93|3316.88|3282.41|3313.66|263593
2025-07-10|3314.02|3330.31|3310.23|3323.86|244701
2025-07-11|3325.14|3368.73|3321.92|3357.32|293330
2025-07-14|3362.93|3374.99|3341.10|3343.34|278834
2025-07-15|3342.78|3366.37|3320.31|3324.96|259647
2025-07-16|3324.02|3376.98|3319.40|3347.55|271327
2025-07-17|3349.52|3352.23|3309.67|3339.07|256213
2025-07-18|3339.57|3361.26|3331.75|3350.68|238159
2025-07-21|3348.84|3401.57|3344.97|3397.16|257767
2025-07-22|3398.33|3433.53|3383.37|3431.66|268222
2025-07-23|3431.25|3438.98|3381.25|3387.22|307485
2025-07-24|3389.65|3393.33|3351.00|3368.56|284090
2025-07-25|3368.42|3373.55|3325.06|3336.63|251015
2025-07-28|3329.34|3345.33|3301.35|3314.60|274711
2025-07-29|3313.86|3334.13|3307.70|3326.62|280970
2025-07-30|3326.82|3334.02|3267.95|3275.02|282232
2025-07-31|3275.29|3314.87|3273.90|3290.03|282058
2025-08-01|3289.89|3363.47|3281.43|3363.21|302957
2025-08-04|3364.55|3385.45|3344.95|3373.69|271867
2025-08-05|3374.31|3390.46|3349.86|3380.74|255563
2025-08-06|3380.97|3385.38|3358.07|3369.30|253848
2025-08-07|3370.56|3401.79|3365.23|3396.15|346027
2025-08-08|3401.26|3407.86|3376.25|3397.02|449350
2025-08-11|3403.61|3405.07|3341.03|3342.93|345188
2025-08-12|3342.83|3358.96|3330.81|3348.20|308206
2025-08-13|3349.76|3370.47|3342.51|3356.02|278836
2025-08-14|3357.18|3374.82|3329.74|3335.38|312903
2025-08-15|3337.02|3348.79|3332.36|3335.94|299308
2025-08-18|3336.39|3358.45|3323.50|3332.88|301990
2025-08-19|3333.86|3345.31|3314.84|3315.57|304789
2025-08-20|3316.50|3350.21|3311.42|3348.16|296864
2025-08-21|3350.09|3352.27|3325.16|3338.52|285128
2025-08-22|3339.07|3378.85|3321.29|3371.95|299023
2025-08-25|3371.25|3376.22|3359.51|3365.55|267454
2025-08-26|3365.83|3393.67|3351.37|3393.62|339605
2025-08-27|3394.10|3398.54|3373.51|3397.45|323127
2025-08-28|3398.31|3423.15|3384.37|3416.90|344133
2025-08-29|3416.67|3453.99|3404.16|3448.12|353031
2025-09-01|3444.29|3489.89|3437.04|3476.39|335340
2025-09-02|3474.73|3539.96|3470.04|3533.33|437552
2025-09-03|3530.61|3578.54|3526.35|3559.20|414934
2025-09-04|3559.97|3564.14|3511.22|3545.75|413821
2025-09-05|3543.92|3599.99|3540.14|3587.32|421421
2025-09-08|3583.72|3646.50|3579.47|3636.01|429538
2025-09-09|3634.80|3674.57|3625.84|3626.21|425238
2025-09-10|3625.04|3657.55|3620.28|3640.50|393127
2025-09-11|3642.71|3649.19|3613.13|3633.81|379114
2025-09-12|3634.55|3656.70|3630.46|3643.41|362673
2025-09-15|3644.67|3685.52|3626.51|3678.89|386973
2025-09-16|3680.72|3702.99|3674.45|3689.89|386630
2025-09-17|3689.58|3707.42|3646.25|3659.92|400297
2025-09-18|3661.25|3672.99|3627.77|3644.39|403015
2025-09-19|3643.29|3685.25|3632.18|3685.11|384504
2025-09-22|3684.78|3748.85|3683.66|3746.87|403720
2025-09-23|3745.46|3791.12|3736.45|3764.04|433886
2025-09-24|3766.03|3779.23|3717.39|3736.08|405745
2025-09-25|3738.94|3761.61|3722.09|3749.40|423952
2025-09-26|3748.66|3783.78|3734.45|3761.24|405786
2025-09-29|3760.57|3834.17|3760.57|3833.78|466174
2025-09-30|3830.94|3871.74|3793.10|3858.25|448964
2025-10-01|3857.44|3895.28|3853.28|3865.49|446172
2025-10-02|3869.01|3896.91|3819.08|3856.14|425513
2025-10-03|3857.48|3891.64|3838.00|3886.75|428146
2025-10-06|3887.05|3969.90|3884.24|3961.04|477247
2025-10-07|3958.39|3991.11|3940.64|3984.49|476980
2025-10-08|3985.08|4059.15|3983.52|4041.67|473995
2025-10-09|4040.39|4057.94|3944.49|3976.03|519081
2025-10-10|3979.47|4022.89|3946.65|4018.46|533959
2025-10-13|4012.06|4116.90|4007.39|4110.60|498140
2025-10-14|4110.64|4179.72|4090.50|4142.15|550248
2025-10-15|4143.01|4218.32|4140.75|4208.27|508723
2025-10-16|4209.54|4330.75|4199.93|4326.25|518183
2025-10-17|4335.41|4379.22|4186.44|4246.83|588990
2025-10-20|4243.50|4381.38|4218.95|4356.45|533766
2025-10-21|4358.70|4375.26|4081.61|4124.93|570923
2025-10-22|4125.52|4161.50|4004.28|4098.23|584268
2025-10-23|4104.99|4154.89|4066.18|4126.00|535917
2025-10-24|4128.98|4144.39|4044.19|4112.84|501408
2025-10-27|4076.86|4109.12|3971.27|3981.35|540544
2025-10-28|3980.96|4019.69|3886.62|3952.47|533199
2025-10-29|3955.53|4030.32|3915.66|3930.47|528428
2025-10-30|3926.48|4027.14|3915.33|4024.17|532215
2025-10-31|4022.54|4046.20|3972.24|4003.18|508920
2025-11-03|3983.73|4030.55|3962.52|4001.20|470653
2025-11-04|4002.42|4005.74|3928.52|3931.74|478089
2025-11-05|3933.71|3990.48|3929.71|3979.19|435113
2025-11-06|3977.21|4019.63|3964.48|3976.79|439189
2025-11-07|3975.12|4027.48|3974.85|4001.15|417338
2025-11-10|3999.21|4116.67|3999.11|4115.96|453430
2025-11-11|4116.61|4149.00|4096.95|4126.97|462692
2025-11-12|4129.54|4211.77|4098.71|4195.61|512397
2025-11-13|4203.15|4245.12|4145.33|4171.32|533295
2025-11-14|4172.25|4211.27|4032.27|4084.72|531007
2025-11-17|4082.52|4106.61|4006.91|4045.52|506485
2025-11-18|4051.34|4082.22|3997.70|4067.63|504988
2025-11-19|4068.81|4132.81|4055.57|4077.97|499585
2025-11-20|4080.02|4110.06|4038.76|4077.26|523769
2025-11-21|4074.60|4101.16|4022.39|4065.80|526443
2025-11-24|4068.96|4139.99|4039.91|4134.78|468612
2025-11-25|4133.73|4159.25|4109.49|4130.59|486244
2025-11-26|4132.59|4173.45|4129.66|4163.91|455440
2025-11-27|4165.09|4168.78|4142.53|4157.35|353074
2025-11-28|4159.71|4226.82|4152.58|4219.29|330885
2025-12-01|4229.15|4264.59|4205.56|4232.16|521894
2025-12-02|4228.59|4236.00|4163.42|4205.42|479503
2025-12-03|4205.93|4241.49|4194.63|4203.08|487835
2025-12-04|4204.52|4219.29|4175.07|4208.59|482197
2025-12-05|4207.10|4259.32|4191.87|4196.32|465650
2025-12-08|4196.08|4219.02|4176.30|4190.46|456706
2025-12-09|4191.09|4221.31|4169.77|4208.32|473126
2025-12-10|4209.56|4238.77|4181.80|4228.56|460637
2025-12-11|4229.64|4285.94|4204.48|4279.79|487782
2025-12-12|4281.49|4353.54|4257.28|4300.22|512253
2025-12-15|4295.98|4350.43|4285.32|4305.04|482450
2025-12-16|4306.80|4335.01|4271.44|4302.16|487925
2025-12-17|4301.01|4349.16|4301.01|4338.31|487848
2025-12-18|4337.77|4374.63|4308.51|4332.51|482333
2025-12-19|4334.04|4356.47|4309.38|4338.60|447318
2025-12-22|4338.52|4449.01|4338.06|4443.68|448428
2025-12-23|4447.56|4499.75|4430.48|4484.70|492886
2025-12-24|4486.01|4525.76|4448.09|4479.37|448653
2025-12-26|4498.82|4549.86|4479.87|4531.68|519898
2025-12-29|4548.84|4549.09|4302.49|4331.77|565460
2025-12-30|4336.51|4404.26|4323.23|4338.48|522934
2025-12-31|4342.55|4373.42|4274.02|4311.63|482293
2026-01-02|4328.78|4402.33|4309.72|4332.70|475854
2026-01-05|4353.22|4455.78|4345.29|4448.98|516476
2026-01-06|4451.02|4497.26|4427.65|4494.79|497195
2026-01-07|4496.24|4500.68|4423.17|4456.51|500446
2026-01-08|4459.46|4479.45|4407.47|4477.36|501587
2026-01-09|4482.65|4517.20|4452.67|4510.04|474252
2026-01-12|4521.41|4630.01|4512.67|4597.54|515597
2026-01-13|4607.78|4634.65|4569.65|4586.62|475428
2026-01-14|4591.56|4642.90|4589.32|4626.40|492220
2026-01-15|4631.75|4632.45|4581.02|4615.60|491638
2026-01-16|4617.52|4620.82|4536.56|4595.40|472689
2026-01-19|4633.93|4690.66|4629.29|4670.95|373242
2026-01-20|4675.10|4766.31|4659.46|4763.55|472122
2026-01-21|4760.68|4888.52|4755.55|4831.25|520460
2026-01-22|4832.00|4940.83|4772.49|4936.30|472933
2026-01-23|4944.43|4989.84|4899.76|4985.91|473828
2026-01-26|5008.85|5111.23|4989.92|5008.22|558461
2026-01-27|5022.86|5190.21|5013.76|5181.14|547341
2026-01-28|5172.51|5419.10|5157.13|5417.51|585345
2026-01-29|5422.61|5597.91|5098.65|5370.50|630336
2026-01-30|5400.04|5450.96|4681.35|4882.54|660316
2026-02-02|4781.13|4884.79|4402.72|4660.02|657095
2026-02-03|4677.34|4993.70|4677.32|4946.65|604487
2026-02-04|4962.55|5091.93|4853.42|4964.50|547767
2026-02-05|4980.35|5023.76|4759.82|4779.25|597716
2026-02-06|4761.51|4971.43|4654.86|4963.97|522658
2026-02-09|4990.56|5086.28|4964.97|5058.18|481634
2026-02-10|5067.96|5078.54|4987.25|5025.21|466296
2026-02-11|5027.37|5118.92|5017.79|5084.42|449019
2026-02-12|5096.67|5099.96|4878.61|4921.80|450641
2026-02-13|4889.84|5046.09|4887.12|5042.83|450517
2026-02-16|5035.13|5035.41|4965.21|4993.63|287205
2026-02-17|4991.65|5000.87|4841.90|4877.36|419698
2026-02-18|4869.58|5010.89|4854.08|4977.20|368056
2026-02-19|4977.11|5022.28|4960.07|4996.14|355634
2026-02-20|5003.18|5106.88|4981.58|5103.76|380999
2026-02-23|5109.06|5237.62|5107.83|5227.61|407092
2026-02-24|5230.95|5249.73|5093.44|5143.69|409377
2026-02-25|5141.52|5217.55|5120.74|5164.94|399518
2026-02-26|5165.12|5205.51|5130.30|5184.90|409579
2026-02-27|5188.23|5280.78|5166.99|5279.95|408228
2026-03-02|5315.78|5419.15|5260.70|5321.97|525709
2026-03-03|5334.19|5379.73|4996.22|5088.16|560155
2026-03-04|5109.80|5206.10|5084.03|5141.00|519876
2026-03-05|5150.07|5194.93|5050.68|5080.88|491844
2026-03-06|5083.76|5174.61|5062.44|5171.06|454331
2026-03-09|5190.43|5192.04|5014.58|5136.60|511371
2026-03-10|5148.47|5238.60|5117.51|5192.66|440163
2026-03-11|5190.10|5223.02|5148.96|5176.09|390180
2026-03-12|5182.09|5191.68|5054.86|5079.24|415950
2026-03-13|5074.80|5128.47|5009.59|5021.27|425669
2026-03-16|5010.84|5038.02|4967.24|5006.19|467020
2026-03-17|5010.94|5044.27|4973.75|5005.45|403869
2026-03-18|5005.02|5016.20|4807.03|4818.83|438735
2026-03-19|4829.45|4867.02|4502.69|4650.30|536355
2026-03-20|4659.03|4735.93|4477.38|4496.99|529573
2026-03-23|4487.05|4536.14|4099.02|4406.64|620818
2026-03-24|4419.92|4484.40|4305.94|4474.53|526248
2026-03-25|4476.41|4602.43|4456.14|4506.34|517368
2026-03-26|4517.24|4543.95|4351.07|4378.37|541891
2026-03-27|4384.07|4555.29|4375.35|4495.03|475359
2026-03-30|4485.85|4580.57|4420.07|4511.12|507033
2026-03-31|4514.26|4687.13|4482.59|4667.07|509242
2026-04-01|4681.75|4793.00|4661.61|4758.08|485798
2026-04-02|4759.25|4800.26|4554.19|4676.12|509006
2026-04-06|4632.12|4706.30|4600.65|4650.62|436029
2026-04-07|4658.27|4718.49|4607.63|4705.53|485631
2026-04-08|4746.96|4857.18|4699.82|4719.07|494739
2026-04-09|4727.89|4801.20|4698.52|4765.51|431188
2026-04-10|4775.38|4795.16|4730.77|4748.66|406295
2026-04-13|4669.62|4750.25|4644.27|4740.48|427819
2026-04-14|4751.71|4846.37|4745.66|4841.92|399058
2026-04-15|4839.76|4871.51|4786.12|4790.67|419677
2026-04-16|4796.79|4838.31|4773.00|4790.97|397949
2026-04-17|4794.96|4889.44|4767.51|4834.06|404968

### H4 | XAUUSD_H4_last400 | 400 bars
时间(BJT)|开|高|低|收|量
2026-01-14 14:00|4619.88|4639.68|4618.39|4630.43|83662
2026-01-14 18:00|4630.47|4641.70|4624.11|4635.76|81125
2026-01-14 22:00|4635.94|4638.93|4599.21|4614.26|103445
2026-01-15 02:00|4614.39|4642.90|4612.71|4626.40|86439
2026-01-15 06:00|4631.75|4632.45|4583.78|4600.07|66795
2026-01-15 10:00|4600.12|4614.80|4581.02|4595.07|89756
2026-01-15 14:00|4595.06|4613.63|4593.59|4612.47|80585
2026-01-15 18:00|4612.63|4623.11|4582.48|4588.26|82763
2026-01-15 22:00|4588.37|4624.55|4583.37|4616.61|98771
2026-01-16 02:00|4616.61|4621.54|4600.84|4615.60|72968
2026-01-16 06:00|4617.52|4620.82|4593.71|4600.61|60173
2026-01-16 10:00|4600.57|4615.95|4591.43|4611.63|76157
2026-01-16 14:00|4611.62|4612.35|4594.00|4600.78|77112
2026-01-16 18:00|4600.68|4615.98|4582.42|4601.75|79203
2026-01-16 22:00|4601.83|4620.26|4536.56|4581.51|104541
2026-01-17 02:00|4581.22|4598.13|4580.04|4595.40|75503
2026-01-19 06:00|4633.93|4690.66|4629.29|4657.36|74918
2026-01-19 10:00|4657.29|4674.32|4653.21|4669.96|73109
2026-01-19 14:00|4669.95|4678.93|4661.84|4668.47|71007
2026-01-19 18:00|4668.33|4673.65|4659.69|4666.23|67445
2026-01-19 22:00|4666.17|4678.70|4661.72|4676.35|66649
2026-01-20 02:00|4676.31|4680.29|4667.18|4670.95|20114
2026-01-20 06:00|4675.10|4676.96|4659.46|4669.56|50321
2026-01-20 10:00|4669.55|4716.45|4665.47|4714.37|79874
2026-01-20 14:00|4714.42|4737.47|4705.56|4732.36|84894
2026-01-20 18:00|4732.35|4738.27|4715.37|4737.23|80330
2026-01-20 22:00|4737.12|4762.51|4722.52|4759.27|101898
2026-01-21 02:00|4759.28|4766.31|4747.44|4763.55|74805
2026-01-21 06:00|4760.68|4844.14|4757.71|4835.22|61146
2026-01-21 10:00|4835.11|4878.27|4817.30|4869.77|88348
2026-01-21 14:00|4870.03|4888.52|4832.34|4860.47|89426
2026-01-21 18:00|4860.41|4880.37|4855.04|4879.52|78739
2026-01-21 22:00|4879.52|4881.01|4802.47|4826.24|108143
2026-01-22 02:00|4825.81|4853.94|4755.55|4831.25|94658
2026-01-22 06:00|4832.00|4833.05|4772.49|4797.77|66383
2026-01-22 10:00|4797.41|4821.73|4774.52|4821.16|77840
2026-01-22 14:00|4821.17|4838.58|4813.94|4823.03|77273
2026-01-22 18:00|4823.04|4836.41|4810.55|4822.50|75949
2026-01-22 22:00|4822.41|4906.24|4820.37|4904.63|97336
2026-01-23 02:00|4904.61|4940.83|4901.34|4936.30|78152
2026-01-23 06:00|4944.43|4967.26|4930.66|4953.67|62584
2026-01-23 10:00|4953.41|4967.29|4938.20|4960.64|66456
2026-01-23 14:00|4960.65|4962.99|4899.76|4918.57|85422
2026-01-23 18:00|4918.55|4947.97|4912.11|4939.06|81471
2026-01-23 22:00|4939.09|4988.24|4932.71|4965.83|99840
2026-01-24 02:00|4966.08|4989.84|4958.46|4985.91|78055
2026-01-26 06:00|5008.85|5085.57|5003.58|5070.88|74342
2026-01-26 10:00|5070.94|5093.18|5052.36|5074.23|90598
2026-01-26 14:00|5074.23|5111.23|5065.37|5083.93|89153
2026-01-26 18:00|5084.03|5096.90|5054.83|5068.54|85867
2026-01-26 22:00|5068.59|5105.06|5058.32|5100.80|106302
2026-01-27 02:00|5101.03|5103.09|4989.92|5008.22|112199
2026-01-27 06:00|5022.86|5076.13|5013.76|5060.11|72673
2026-01-27 10:00|5060.05|5085.13|5049.52|5083.09|88155
2026-01-27 14:00|5083.07|5100.93|5073.26|5098.68|88349
2026-01-27 18:00|5098.29|5098.31|5067.30|5077.35|89009
2026-01-27 22:00|5077.36|5103.01|5046.67|5081.22|110383
2026-01-28 02:00|5081.48|5190.21|5076.17|5181.14|98772
2026-01-28 06:00|5172.51|5225.41|5157.13|5204.43|76092
2026-01-28 10:00|5204.60|5266.27|5201.61|5261.42|99587
2026-01-28 14:00|5261.41|5311.52|5251.95|5277.96|97091
2026-01-28 18:00|5277.97|5289.48|5238.64|5266.45|94104
2026-01-28 22:00|5266.38|5307.05|5236.54|5298.03|109164
2026-01-29 02:00|5298.22|5419.10|5268.67|5417.51|109307
2026-01-29 06:00|5422.61|5597.91|5422.61|5545.90|87394
2026-01-29 10:00|5545.86|5564.57|5503.80|5562.49|104526
2026-01-29 14:00|5562.44|5595.18|5474.36|5514.13|106005
2026-01-29 18:00|5514.16|5543.15|5470.75|5510.25|100228
2026-01-29 22:00|5510.41|5549.67|5098.65|5335.15|119155
2026-01-30 02:00|5335.10|5425.95|5282.81|5370.50|113028
2026-01-30 06:00|5400.04|5450.96|5290.61|5301.26|81883
2026-01-30 10:00|5300.89|5313.04|5112.49|5185.06|113414
2026-01-30 14:00|5184.73|5205.30|4942.52|5014.67|116155
2026-01-30 18:00|5013.80|5145.85|4992.35|5019.53|113022
2026-01-30 22:00|5019.87|5113.48|4800.92|4849.83|121209
2026-01-31 02:00|4849.56|4947.98|4681.35|4882.54|114633
2026-02-02 06:00|4781.13|4884.79|4584.10|4737.16|85393
2026-02-02 10:00|4736.93|4772.99|4497.93|4549.57|119291
2026-02-02 14:00|4549.78|4731.27|4402.72|4719.33|114465
2026-02-02 18:00|4718.54|4812.62|4657.08|4705.93|111415
2026-02-02 22:00|4705.97|4793.45|4596.79|4674.12|119114
2026-02-03 02:00|4673.78|4712.60|4618.87|4660.02|107417
2026-02-03 06:00|4677.34|4857.00|4677.32|4841.67|80230
2026-02-03 10:00|4841.27|4841.80|4745.52|4825.21|105658
2026-02-03 14:00|4824.99|4948.31|4816.57|4916.16|102354
2026-02-03 18:00|4916.43|4950.92|4883.91|4932.68|97024
2026-02-03 22:00|4933.04|4993.70|4893.83|4928.80|116193
2026-02-04 02:00|4928.10|4963.81|4880.71|4946.65|103028
2026-02-04 06:00|4962.55|5053.39|4910.15|5046.26|75672
2026-02-04 10:00|5046.25|5090.30|5035.31|5079.31|83654
2026-02-04 14:00|5079.36|5091.93|5042.92|5059.95|88587
2026-02-04 18:00|5059.84|5064.43|5013.52|5053.97|89994
2026-02-04 22:00|5053.96|5058.67|4853.42|4897.95|116725
2026-02-05 02:00|4897.84|4970.80|4872.77|4964.50|93135
2026-02-05 06:00|4980.35|5023.76|4935.95|4958.68|71197
2026-02-05 10:00|4958.71|4961.82|4789.21|4896.24|110402
2026-02-05 14:00|4896.33|4943.56|4849.39|4854.71|103970
2026-02-05 18:00|4854.72|4894.42|4802.30|4835.49|101481
2026-02-05 22:00|4835.28|4906.69|4800.28|4868.97|114723
2026-02-06 02:00|4869.13|4875.23|4759.82|4779.25|95943
2026-02-06 06:00|4761.51|4784.69|4654.86|4773.91|82866
2026-02-06 10:00|4773.94|4898.03|4761.00|4897.70|96315
2026-02-06 14:00|4897.69|4902.98|4825.55|4866.73|90275
2026-02-06 18:00|4866.71|4938.47|4851.63|4928.97|84141
2026-02-06 22:00|4929.18|4968.63|4894.41|4960.68|101474
2026-02-07 02:00|4960.67|4971.43|4936.52|4963.97|67587
2026-02-09 06:00|4990.56|5046.89|4964.97|4982.41|70391
2026-02-09 10:00|4982.40|5041.33|4969.13|5037.10|80668
2026-02-09 14:00|5036.61|5045.39|4997.66|5007.73|82268
2026-02-09 18:00|5007.74|5024.50|4982.10|5007.12|80050
2026-02-09 22:00|5007.11|5080.46|5002.31|5046.27|93677
2026-02-10 02:00|5046.26|5086.28|5044.02|5058.18|74580
2026-02-10 06:00|5067.96|5075.61|4987.25|5032.97|70583
2026-02-10 10:00|5033.23|5056.34|5011.12|5039.65|81194
2026-02-10 14:00|5039.54|5063.29|5018.67|5046.57|77493
2026-02-10 18:00|5046.59|5058.40|5019.54|5051.01|73933
2026-02-10 22:00|5051.51|5078.54|4999.04|5026.35|94241
2026-02-11 02:00|5025.60|5045.53|5004.81|5025.21|68852
2026-02-11 06:00|5027.37|5054.70|5027.37|5052.64|51172
2026-02-11 10:00|5052.63|5063.97|5032.48|5052.71|63841
2026-02-11 14:00|5052.78|5071.94|5045.58|5062.81|69610
2026-02-11 18:00|5062.81|5118.92|5017.79|5065.99|88432
2026-02-11 22:00|5065.98|5098.87|5035.79|5091.76|101919
2026-02-12 02:00|5091.60|5094.36|5067.10|5084.42|74045
2026-02-12 06:00|5096.67|5099.96|5045.05|5063.14|61361
2026-02-12 10:00|5063.80|5078.37|5050.82|5075.70|64188
2026-02-12 14:00|5075.86|5080.76|5047.22|5073.14|65448
2026-02-12 18:00|5073.26|5083.81|5048.95|5075.58|63214
2026-02-12 22:00|5075.53|5077.87|4878.61|4940.94|104085
2026-02-13 02:00|4940.81|4958.14|4906.37|4921.80|92345
2026-02-13 06:00|4889.84|4988.62|4887.12|4980.86|64087
2026-02-13 10:00|4980.79|4997.14|4945.03|4946.25|68741
2026-02-13 14:00|4946.50|4989.56|4946.02|4970.42|75565
2026-02-13 18:00|4970.06|4999.62|4934.04|4987.20|72658
2026-02-13 22:00|4987.24|5033.49|4965.32|5020.89|98755
2026-02-14 02:00|5020.90|5046.09|5015.38|5042.83|70711
2026-02-16 06:00|5035.13|5035.41|5000.26|5028.74|49795
2026-02-16 10:00|5028.76|5031.37|4965.21|4990.49|60200
2026-02-16 14:00|4990.44|5017.22|4985.20|5013.41|53223
2026-02-16 18:00|5013.43|5017.35|4989.80|4997.15|50971
2026-02-16 22:00|4997.12|4999.61|4968.93|4991.53|55775
2026-02-17 02:00|4991.69|4997.64|4988.88|4993.63|17241
2026-02-17 06:00|4991.65|5000.87|4923.08|4957.74|48964
2026-02-17 10:00|4956.72|4971.05|4858.61|4888.74|65364
2026-02-17 14:00|4888.71|4932.45|4886.50|4925.88|65372
2026-02-17 18:00|4925.43|4944.10|4869.89|4870.60|65547
2026-02-17 22:00|4870.52|4907.18|4841.90|4865.19|100588
2026-02-18 02:00|4865.20|4910.47|4862.40|4877.36|73863
2026-02-18 06:00|4869.58|4892.60|4854.08|4889.86|50601
2026-02-18 10:00|4890.06|4939.87|4886.63|4933.37|53174
2026-02-18 14:00|4933.36|4941.91|4912.90|4917.41|55043
2026-02-18 18:00|4917.42|4969.10|4906.31|4954.49|62135
2026-02-18 22:00|4954.67|5010.89|4952.25|4999.36|78990
2026-02-19 02:00|4999.32|5003.06|4972.87|4977.20|68113
2026-02-19 06:00|4977.11|4988.88|4960.07|4973.16|45137
2026-02-19 10:00|4973.10|4998.78|4965.70|4996.92|47495
2026-02-19 14:00|4997.16|5022.03|4993.11|4995.88|54019
2026-02-19 18:00|4995.87|4998.51|4973.44|4997.18|61706
2026-02-19 22:00|4997.17|5022.28|4963.54|4985.06|85875
2026-02-20 02:00|4985.07|5004.12|4975.34|4996.14|61402
2026-02-20 06:00|5003.18|5014.81|4985.40|4997.12|42514
2026-02-20 10:00|4997.11|5011.99|4981.58|5011.99|47973
2026-02-20 14:00|5012.11|5042.37|5004.86|5027.53|59456
2026-02-20 18:00|5027.65|5048.62|5007.17|5043.66|62081
2026-02-20 22:00|5043.80|5076.36|4989.40|5072.87|96135
2026-02-21 02:00|5072.80|5106.88|5054.26|5103.76|72840
2026-02-23 06:00|5109.06|5172.02|5107.83|5157.38|62501
2026-02-23 10:00|5157.40|5176.67|5152.32|5158.38|61016
2026-02-23 14:00|5158.38|5161.33|5122.42|5149.42|61944
2026-02-23 18:00|5149.49|5165.48|5143.44|5146.18|61001
2026-02-23 22:00|5146.17|5219.04|5141.23|5207.84|91251
2026-02-24 02:00|5207.98|5237.62|5201.05|5227.61|69379
2026-02-24 06:00|5230.95|5249.73|5145.20|5177.13|62121
2026-02-24 10:00|5177.23|5191.83|5161.00|5182.72|65611
2026-02-24 14:00|5182.74|5184.77|5156.50|5171.52|60515
2026-02-24 18:00|5171.51|5181.24|5110.98|5114.90|63726
2026-02-24 22:00|5114.85|5163.99|5093.44|5163.68|90195
2026-02-25 02:00|5163.77|5173.21|5141.00|5143.69|67209
2026-02-25 06:00|5141.52|5190.02|5120.74|5176.88|53060
2026-02-25 10:00|5176.86|5210.59|5166.31|5201.63|64061
2026-02-25 14:00|5201.89|5201.89|5176.56|5193.20|61852
2026-02-25 18:00|5193.40|5195.13|5155.07|5185.33|63234
2026-02-25 22:00|5185.32|5217.55|5159.21|5207.06|83815
2026-02-26 02:00|5207.05|5208.52|5145.86|5164.94|73496
2026-02-26 06:00|5165.12|5198.45|5155.11|5191.60|58121
2026-02-26 10:00|5191.57|5205.51|5174.26|5198.11|63250
2026-02-26 14:00|5198.35|5199.64|5167.49|5186.49|62993
2026-02-26 18:00|5186.29|5190.16|5157.41|5166.39|64784
2026-02-26 22:00|5166.33|5192.74|5130.30|5167.35|93302
2026-02-27 02:00|5167.37|5200.87|5160.39|5184.90|67129
2026-02-27 06:00|5188.23|5194.92|5166.99|5194.09|48610
2026-02-27 10:00|5194.11|5200.47|5173.40|5197.95|63251
2026-02-27 14:00|5197.94|5199.17|5172.11|5175.50|61412
2026-02-27 18:00|5175.43|5240.27|5168.72|5222.89|65111
2026-02-27 22:00|5222.71|5257.56|5213.90|5234.53|97406
2026-02-28 02:00|5234.73|5280.78|5222.47|5279.95|72438
2026-03-02 06:00|5315.78|5393.03|5303.28|5324.74|78704
2026-03-02 10:00|5324.64|5367.12|5317.11|5365.86|78906
2026-03-02 14:00|5366.09|5419.15|5363.48|5391.92|86739
2026-03-02 18:00|5392.00|5416.74|5374.95|5394.00|83091
2026-03-02 22:00|5394.04|5395.17|5260.70|5306.80|113981
2026-03-03 02:00|5307.27|5346.45|5289.37|5321.97|84288
2026-03-03 06:00|5334.19|5379.73|5329.20|5339.31|55901
2026-03-03 10:00|5339.56|5375.62|5305.41|5319.20|80903
2026-03-03 14:00|5319.43|5335.99|5226.34|5274.87|95126
2026-03-03 18:00|5274.43|5287.88|5073.83|5156.79|110388
2026-03-03 22:00|5156.69|5175.50|4996.22|5079.31|117745
2026-03-04 02:00|5079.31|5148.81|5079.17|5088.16|100092
2026-03-04 06:00|5109.80|5178.69|5084.03|5175.11|69456
2026-03-04 10:00|5175.12|5190.71|5141.39|5159.80|94136
2026-03-04 14:00|5159.77|5185.05|5120.72|5182.33|86652
2026-03-04 18:00|5182.36|5206.10|5156.43|5168.01|84471
2026-03-04 22:00|5167.95|5185.07|5120.44|5140.85|107110
2026-03-05 02:00|5140.80|5146.70|5108.80|5141.00|78051
2026-03-05 06:00|5150.07|5186.24|5144.71|5172.32|52347
2026-03-05 10:00|5172.34|5194.93|5148.16|5148.56|71541
2026-03-05 14:00|5148.62|5180.64|5120.76|5160.92|87574
2026-03-05 18:00|5160.90|5171.62|5083.95|5117.79|75343
2026-03-05 22:00|5117.54|5129.79|5054.05|5062.76|112166
2026-03-06 02:00|5062.74|5094.68|5050.68|5080.88|92873
2026-03-06 06:00|5083.76|5143.64|5066.33|5134.78|55317
2026-03-06 10:00|5134.48|5141.42|5114.41|5117.25|64556
2026-03-06 14:00|5117.46|5123.16|5083.33|5085.71|69442
2026-03-06 18:00|5085.77|5131.10|5062.44|5084.84|83433
2026-03-06 22:00|5085.06|5171.54|5081.07|5140.92|107201
2026-03-07 02:00|5140.69|5174.61|5138.53|5171.06|74382
2026-03-09 05:00|5190.43|5192.04|5028.56|5049.93|75915
2026-03-09 09:00|5049.89|5102.25|5014.58|5090.25|87215
2026-03-09 13:00|5090.01|5140.49|5080.86|5096.38|90618
2026-03-09 17:00|5095.86|5132.61|5079.66|5094.88|76765
2026-03-09 21:00|5094.86|5116.13|5061.42|5104.84|100161
2026-03-10 01:00|5104.83|5147.98|5089.19|5136.60|80697
2026-03-10 05:00|5148.47|5156.10|5117.51|5130.86|49466
2026-03-10 09:00|5130.02|5186.39|5124.70|5163.90|77690
2026-03-10 13:00|5163.88|5195.18|5158.47|5183.15|66392
2026-03-10 17:00|5183.21|5191.95|5156.43|5187.08|72927
2026-03-10 21:00|5187.07|5238.60|5185.51|5227.76|91922
2026-03-11 01:00|5227.75|5235.51|5160.73|5192.66|81766
2026-03-11 05:00|5190.10|5219.25|5183.66|5215.65|36698
2026-03-11 09:00|5215.43|5223.02|5193.97|5204.30|59771
2026-03-11 13:00|5204.34|5210.51|5175.43|5187.44|65488
2026-03-11 17:00|5187.39|5197.00|5166.52|5167.64|68684
2026-03-11 21:00|5167.23|5196.34|5148.96|5175.77|97186
2026-03-12 01:00|5175.75|5183.64|5155.03|5176.09|62353
2026-03-12 05:00|5182.09|5182.52|5125.40|5153.08|45588
2026-03-12 09:00|5152.12|5175.26|5140.30|5142.66|62769
2026-03-12 13:00|5142.72|5189.81|5137.05|5178.03|61335
2026-03-12 17:00|5178.04|5191.68|5163.66|5181.27|62863
2026-03-12 21:00|5180.40|5186.15|5109.73|5123.54|99703
2026-03-13 01:00|5123.03|5129.74|5054.86|5079.24|83692
2026-03-13 05:00|5074.80|5115.23|5072.68|5113.87|40576
2026-03-13 09:00|5113.86|5128.47|5102.54|5104.40|62968
2026-03-13 13:00|5104.75|5111.00|5061.32|5087.60|73151
2026-03-13 17:00|5087.53|5121.89|5079.92|5118.39|67958
2026-03-13 21:00|5118.40|5121.36|5018.81|5045.90|100242
2026-03-14 01:00|5045.84|5063.89|5009.59|5021.27|80774
2026-03-16 05:00|5010.84|5031.02|4967.24|5025.80|63584
2026-03-16 09:00|5025.97|5026.45|4982.57|5012.88|79782
2026-03-16 13:00|5012.37|5035.99|4984.90|4991.22|75797
2026-03-16 17:00|4991.11|5024.84|4970.08|5020.03|79289
2026-03-16 21:00|5020.01|5038.02|4973.80|4990.30|92965
2026-03-17 01:00|4990.52|5021.54|4983.99|5006.19|75603
2026-03-17 05:00|5010.94|5016.21|4998.15|5002.98|41193
2026-03-17 09:00|5002.63|5041.79|4994.66|5038.09|67158
2026-03-17 13:00|5038.07|5044.27|5005.09|5024.64|68179
2026-03-17 17:00|5024.65|5025.89|4991.76|5011.67|68344
2026-03-17 21:00|5011.75|5031.58|4973.75|5001.85|93407
2026-03-18 01:00|5001.65|5009.09|4996.33|5005.45|65588
2026-03-18 05:00|5005.02|5012.55|4993.27|5004.17|34269
2026-03-18 09:00|5004.11|5015.86|4981.99|4986.89|64910
2026-03-18 13:00|4986.90|5016.20|4977.34|4987.67|65321
2026-03-18 17:00|4987.69|4995.74|4870.53|4881.65|81276
2026-03-18 21:00|4881.56|4894.64|4834.25|4886.76|100357
2026-03-19 01:00|4886.68|4899.31|4807.03|4818.83|92602
2026-03-19 05:00|4829.45|4848.60|4804.25|4841.07|53989
2026-03-19 09:00|4841.30|4867.02|4832.78|4849.94|70963
2026-03-19 13:00|4849.92|4853.96|4686.82|4709.39|95417
2026-03-19 17:00|4709.45|4725.98|4531.44|4574.48|106029
2026-03-19 21:00|4573.67|4649.02|4502.69|4584.70|112268
2026-03-20 01:00|4584.97|4663.34|4574.12|4650.30|97689
2026-03-20 05:00|4659.03|4677.13|4634.13|4648.48|51613
2026-03-20 09:00|4647.86|4735.93|4639.30|4721.78|82900
2026-03-20 13:00|4721.71|4734.80|4661.31|4693.66|85308
2026-03-20 17:00|4693.56|4700.48|4636.99|4678.40|90010
2026-03-20 21:00|4678.45|4679.36|4540.55|4583.13|115645
2026-03-21 01:00|4583.19|4600.39|4477.38|4496.99|104097
2026-03-23 05:00|4487.05|4536.14|4319.53|4354.06|73128
2026-03-23 09:00|4353.99|4454.12|4330.46|4367.68|104565
2026-03-23 13:00|4367.61|4380.20|4099.02|4251.20|115592
2026-03-23 17:00|4251.23|4492.60|4223.63|4478.48|109319
2026-03-23 21:00|4478.51|4512.34|4351.17|4375.62|115805
2026-03-24 01:00|4375.56|4467.07|4370.96|4406.64|102409
2026-03-24 05:00|4419.92|4448.33|4330.65|4364.77|67487
2026-03-24 09:00|4363.29|4379.34|4305.94|4333.52|104864
2026-03-24 13:00|4333.47|4432.25|4319.77|4413.01|63295
2026-03-24 17:00|4413.83|4441.96|4362.13|4379.18|69967
2026-03-24 21:00|4377.99|4433.79|4351.61|4421.32|116124
2026-03-25 01:00|4421.33|4484.40|4372.21|4474.53|104511
2026-03-25 05:00|4476.41|4571.97|4456.14|4563.57|66927
2026-03-25 09:00|4563.48|4602.43|4552.40|4572.65|82770
2026-03-25 13:00|4573.03|4573.39|4533.01|4556.22|85830
2026-03-25 17:00|4556.19|4585.72|4522.41|4544.23|84077
2026-03-25 21:00|4544.11|4579.34|4525.28|4555.22|107877
2026-03-26 01:00|4554.95|4569.11|4486.79|4506.34|89887
2026-03-26 05:00|4517.24|4539.33|4488.98|4535.82|56799
2026-03-26 09:00|4535.69|4543.95|4499.91|4520.61|77309
2026-03-26 13:00|4520.80|4522.33|4412.37|4427.67|97405
2026-03-26 17:00|4427.59|4456.59|4414.45|4429.66|95533
2026-03-26 21:00|4429.09|4479.38|4367.30|4389.35|113257
2026-03-27 01:00|4388.95|4420.60|4351.07|4378.37|101588
2026-03-27 05:00|4384.07|4415.32|4375.35|4378.54|48707
2026-03-27 09:00|4378.78|4449.60|4377.50|4445.82|71631
2026-03-27 13:00|4445.47|4474.98|4423.65|4424.26|77642
2026-03-27 17:00|4424.25|4445.22|4404.21|4437.78|80536
2026-03-27 21:00|4437.89|4555.29|4413.64|4516.01|109592
2026-03-28 01:00|4516.04|4528.78|4486.35|4495.03|87251
2026-03-30 05:00|4485.85|4514.97|4420.07|4432.10|69524
2026-03-30 09:00|4432.13|4517.44|4432.13|4497.00|86337
2026-03-30 13:00|4496.84|4550.73|4496.77|4538.19|83584
2026-03-30 17:00|4538.35|4580.57|4523.74|4569.48|81447
2026-03-30 21:00|4569.44|4578.50|4512.46|4539.80|102657
2026-03-31 01:00|4539.89|4542.36|4492.98|4511.12|83484
2026-03-31 05:00|4514.26|4548.21|4482.59|4547.61|50840
2026-03-31 09:00|4547.60|4619.46|4532.20|4564.86|87195
2026-03-31 13:00|4564.18|4581.84|4543.18|4568.77|82924
2026-03-31 17:00|4568.91|4597.69|4529.40|4574.94|88233
2026-03-31 21:00|4574.93|4651.74|4567.76|4638.35|106501
2026-04-01 01:00|4638.36|4687.13|4636.30|4667.07|93549
2026-04-01 05:00|4681.75|4722.65|4661.61|4710.75|56040
2026-04-01 09:00|4710.77|4724.20|4666.90|4676.19|77976
2026-04-01 13:00|4676.23|4747.77|4674.75|4728.75|86703
2026-04-01 17:00|4728.79|4763.05|4713.13|4724.67|80410
2026-04-01 21:00|4724.95|4790.69|4715.99|4787.10|100389
2026-04-02 01:00|4787.06|4793.00|4742.20|4758.08|84280
2026-04-02 05:00|4759.25|4800.26|4751.85|4784.51|50736
2026-04-02 09:00|4784.22|4786.50|4650.45|4672.70|92457
2026-04-02 13:00|4672.82|4680.44|4554.19|4620.67|88538
2026-04-02 17:00|4620.65|4634.94|4592.84|4601.77|81769
2026-04-02 21:00|4601.96|4699.52|4580.77|4659.42|113048
2026-04-03 01:00|4659.34|4682.00|4645.68|4676.12|82458
2026-04-06 05:00|4632.12|4665.57|4600.65|4622.13|61203
2026-04-06 09:00|4622.14|4671.98|4620.32|4658.88|73755
2026-04-06 13:00|4659.12|4698.25|4644.07|4695.79|68305
2026-04-06 17:00|4696.03|4706.30|4659.53|4675.75|68897
2026-04-06 21:00|4676.67|4697.68|4651.97|4660.38|93247
2026-04-07 01:00|4660.24|4666.25|4645.54|4650.62|70622
2026-04-07 05:00|4658.27|4668.00|4649.06|4655.02|38392
2026-04-07 09:00|4654.24|4664.27|4616.17|4659.55|77973
2026-04-07 13:00|4660.13|4690.97|4623.33|4683.04|83430
2026-04-07 17:00|4682.77|4694.55|4628.79|4651.71|87378
2026-04-07 21:00|4651.76|4668.40|4607.63|4657.19|105872
2026-04-08 01:00|4657.28|4718.49|4654.00|4705.53|92586
2026-04-08 05:00|4746.96|4857.18|4713.45|4817.70|71610
2026-04-08 09:00|4817.75|4825.30|4788.17|4803.56|76334
2026-04-08 13:00|4803.50|4843.38|4790.58|4793.88|80849
2026-04-08 17:00|4793.89|4807.07|4768.14|4799.81|80727
2026-04-08 21:00|4799.80|4806.59|4732.33|4760.65|101869
2026-04-09 01:00|4760.64|4764.50|4699.82|4719.07|83350
2026-04-09 05:00|4727.89|4733.23|4698.52|4706.71|42345
2026-04-09 09:00|4707.08|4732.99|4699.42|4720.72|67619
2026-04-09 13:00|4721.04|4733.29|4703.44|4726.34|77340
2026-04-09 17:00|4726.35|4759.78|4722.89|4746.09|70755
2026-04-09 21:00|4745.87|4801.12|4738.77|4788.83|100298
2026-04-10 01:00|4789.07|4801.20|4760.96|4765.51|72831
2026-04-10 05:00|4775.38|4779.51|4750.77|4762.92|37519
2026-04-10 09:00|4762.90|4776.70|4737.91|4758.44|69423
2026-04-10 13:00|4758.44|4769.22|4730.77|4740.80|66149
2026-04-10 17:00|4740.75|4782.56|4740.75|4772.04|69516
2026-04-10 21:00|4771.44|4795.16|4747.51|4763.95|95493
2026-04-11 01:00|4764.05|4773.40|4740.91|4748.66|68195
2026-04-13 05:00|4669.62|4698.25|4644.27|4695.77|54200
2026-04-13 09:00|4694.64|4728.16|4693.90|4723.16|66204
2026-04-13 13:00|4723.17|4740.11|4716.35|4723.32|69000
2026-04-13 17:00|4723.34|4729.21|4703.72|4723.46|69903
2026-04-13 21:00|4723.46|4746.10|4700.26|4732.96|99585
2026-04-14 01:00|4732.97|4750.25|4723.26|4740.48|68927
2026-04-14 05:00|4751.71|4775.79|4745.66|4770.06|40787
2026-04-14 09:00|4769.96|4777.16|4761.73|4774.19|59281
2026-04-14 13:00|4774.20|4796.13|4757.88|4786.59|70226
2026-04-14 17:00|4786.69|4789.41|4751.96|4771.45|68007
2026-04-14 21:00|4771.46|4820.17|4771.21|4810.36|92528
2026-04-15 01:00|4810.41|4846.37|4809.51|4841.92|68229
2026-04-15 05:00|4839.76|4850.71|4827.30|4835.29|41501
2026-04-15 09:00|4835.21|4871.51|4816.63|4824.96|72290
2026-04-15 13:00|4824.86|4830.62|4803.90|4818.59|73465
2026-04-15 17:00|4818.48|4819.61|4786.12|4811.74|74958
2026-04-15 21:00|4811.72|4830.49|4786.81|4803.93|90694
2026-04-16 01:00|4804.07|4808.74|4787.86|4790.67|66769
2026-04-16 05:00|4796.79|4837.44|4790.83|4833.25|41536
2026-04-16 09:00|4833.20|4836.42|4811.44|4833.19|61066
2026-04-16 13:00|4833.20|4838.31|4806.78|4813.67|71101
2026-04-16 17:00|4813.61|4823.22|4805.03|4816.09|63489
2026-04-16 21:00|4816.39|4823.92|4773.00|4792.14|92403
2026-04-17 01:00|4792.21|4798.72|4781.23|4790.97|68354
2026-04-17 05:00|4794.96|4801.21|4785.75|4794.96|35008
2026-04-17 09:00|4794.88|4804.57|4767.51|4803.13|63214
2026-04-17 13:00|4803.08|4806.28|4778.65|4796.09|66039
2026-04-17 17:00|4796.08|4847.79|4782.22|4846.78|66714
2026-04-17 21:00|4846.47|4889.44|4834.96|4867.15|97056
2026-04-18 01:00|4867.19|4869.50|4831.21|4834.06|76937

### H1 | XAUUSD_H1_last500 | 500 bars
时间(BJT)|开|高|低|收|量
2026-03-18 12:00|4991.26|4993.54|4981.99|4986.89|12968
2026-03-18 13:00|4986.90|5002.43|4984.67|4997.32|16829
2026-03-18 14:00|4997.52|5016.20|4996.28|5009.36|17656
2026-03-18 15:00|5009.34|5014.84|4990.52|4995.02|14202
2026-03-18 16:00|4994.47|4996.99|4977.34|4987.67|16634
2026-03-18 17:00|4987.69|4995.74|4984.81|4992.06|14237
2026-03-18 18:00|4992.07|4992.28|4958.77|4967.79|16914
2026-03-18 19:00|4967.80|4973.86|4924.81|4930.19|23192
2026-03-18 20:00|4930.18|4932.37|4870.53|4881.65|26933
2026-03-18 21:00|4881.56|4885.44|4834.25|4878.16|28631
2026-03-18 22:00|4878.27|4894.64|4856.51|4869.69|26465
2026-03-18 23:00|4869.87|4880.02|4861.13|4862.54|23230
2026-03-19 00:00|4862.56|4890.41|4860.79|4886.76|22031
2026-03-19 01:00|4886.68|4899.00|4883.83|4890.73|21290
2026-03-19 02:00|4890.82|4899.31|4852.40|4853.05|26190
2026-03-19 03:00|4853.00|4865.36|4838.89|4843.18|25389
2026-03-19 04:00|4842.70|4848.64|4807.03|4818.83|19733
2026-03-19 06:00|4829.45|4839.00|4804.25|4834.46|19989
2026-03-19 07:00|4834.47|4842.58|4828.29|4836.78|16317
2026-03-19 08:00|4836.75|4848.60|4835.31|4841.07|17683
2026-03-19 09:00|4841.30|4867.02|4832.78|4850.05|22715
2026-03-19 10:00|4850.06|4862.09|4841.52|4858.56|19221
2026-03-19 11:00|4858.53|4866.11|4850.71|4850.74|15890
2026-03-19 12:00|4850.73|4853.72|4845.69|4849.94|13137
2026-03-19 13:00|4849.92|4853.96|4826.82|4827.62|18975
2026-03-19 14:00|4827.63|4841.94|4747.84|4763.71|25779
2026-03-19 15:00|4763.77|4784.25|4726.99|4727.94|23468
2026-03-19 16:00|4727.97|4740.40|4686.82|4709.39|27195
2026-03-19 17:00|4709.45|4725.98|4687.68|4698.89|27208
2026-03-19 18:00|4698.73|4720.03|4666.44|4679.20|25252
2026-03-19 19:00|4679.07|4699.65|4650.75|4652.76|25010
2026-03-19 20:00|4651.83|4653.99|4531.44|4574.48|28559
2026-03-19 21:00|4573.67|4620.90|4502.69|4620.35|28991
2026-03-19 22:00|4621.28|4649.02|4581.32|4601.80|28660
2026-03-19 23:00|4601.49|4638.74|4566.22|4596.32|27539
2026-03-20 00:00|4596.33|4626.62|4576.69|4584.70|27078
2026-03-20 01:00|4584.97|4629.73|4574.12|4616.21|27694
2026-03-20 02:00|4615.66|4623.18|4595.98|4622.90|25354
2026-03-20 03:00|4623.39|4663.34|4623.39|4643.84|28259
2026-03-20 04:00|4643.63|4662.03|4642.93|4650.30|16382
2026-03-20 06:00|4659.03|4677.13|4636.13|4636.29|17651
2026-03-20 07:00|4636.27|4647.85|4634.13|4643.53|15696
2026-03-20 08:00|4643.45|4664.90|4642.07|4648.48|18266
2026-03-20 09:00|4647.86|4699.29|4639.30|4677.21|25927
2026-03-20 10:00|4678.28|4703.69|4670.20|4697.97|21398
2026-03-20 11:00|4698.42|4735.93|4693.13|4725.56|21471
2026-03-20 12:00|4725.95|4727.67|4715.31|4721.78|14104
2026-03-20 13:00|4721.71|4723.41|4685.61|4688.51|20560
2026-03-20 14:00|4688.53|4701.09|4661.31|4669.28|24362
2026-03-20 15:00|4669.29|4708.09|4668.01|4706.20|19016
2026-03-20 16:00|4706.44|4734.80|4684.64|4693.66|21370
2026-03-20 17:00|4693.56|4700.48|4659.63|4667.47|20967
2026-03-20 18:00|4667.30|4670.16|4638.14|4645.23|23158
2026-03-20 19:00|4645.26|4674.22|4636.99|4671.62|21651
2026-03-20 20:00|4671.75|4695.32|4661.85|4678.40|24234
2026-03-20 21:00|4678.45|4679.36|4612.96|4616.32|28372
2026-03-20 22:00|4616.10|4622.54|4548.06|4564.10|29934
2026-03-20 23:00|4564.21|4580.27|4540.55|4553.56|29087
2026-03-21 00:00|4552.61|4613.62|4552.15|4583.13|28252
2026-03-21 01:00|4583.19|4600.39|4554.50|4573.46|27814
2026-03-21 02:00|4573.55|4578.52|4477.38|4499.75|27597
2026-03-21 03:00|4499.83|4516.79|4485.49|4501.63|29050
2026-03-21 04:00|4501.66|4514.83|4493.75|4496.99|19636
2026-03-23 06:00|4487.05|4536.14|4449.54|4498.20|22608
2026-03-23 07:00|4498.52|4510.86|4453.01|4464.90|22456
2026-03-23 08:00|4465.33|4473.41|4319.53|4354.06|28064
2026-03-23 09:00|4353.99|4454.12|4330.46|4387.53|29910
2026-03-23 10:00|4388.24|4422.11|4354.94|4360.68|28033
2026-03-23 11:00|4360.74|4377.95|4334.84|4352.93|25311
2026-03-23 12:00|4352.90|4381.91|4349.93|4367.68|21311
2026-03-23 13:00|4367.61|4380.20|4302.34|4310.16|25713
2026-03-23 14:00|4309.79|4310.46|4163.33|4220.39|29956
2026-03-23 15:00|4220.36|4232.66|4099.02|4204.28|30355
2026-03-23 16:00|4202.86|4270.55|4202.86|4251.20|29568
2026-03-23 17:00|4251.23|4308.45|4223.63|4253.48|28123
2026-03-23 18:00|4254.06|4281.89|4241.43|4269.13|26439
2026-03-23 19:00|4269.44|4462.36|4269.44|4379.14|26166
2026-03-23 20:00|4378.53|4492.60|4336.99|4478.48|28591
2026-03-23 21:00|4478.51|4485.21|4401.42|4454.36|28075
2026-03-23 22:00|4454.34|4512.34|4453.57|4461.75|29037
2026-03-23 23:00|4462.20|4486.69|4351.17|4363.75|28985
2026-03-24 00:00|4363.56|4391.65|4352.60|4375.62|29708
2026-03-24 01:00|4375.56|4438.94|4370.96|4426.23|28826
2026-03-24 02:00|4426.94|4467.07|4402.61|4449.17|27890
2026-03-24 03:00|4448.86|4450.68|4393.16|4398.39|27735
2026-03-24 04:00|4399.09|4413.17|4382.89|4406.64|17958
2026-03-24 06:00|4419.92|4431.42|4360.91|4426.85|20873
2026-03-24 07:00|4426.83|4448.33|4421.81|4441.01|19416
2026-03-24 08:00|4441.03|4446.72|4330.65|4364.77|27198
2026-03-24 09:00|4363.29|4374.29|4308.28|4322.23|29834
2026-03-24 10:00|4322.65|4379.34|4305.94|4366.16|28786
2026-03-24 11:00|4366.15|4368.24|4334.98|4347.25|24713
2026-03-24 12:00|4346.90|4357.25|4326.66|4333.52|21531
2026-03-24 13:00|4333.47|4374.25|4319.77|4347.12|25533
2026-03-24 14:00|4347.22|4405.03|4342.91|4401.69|15875
2026-03-24 15:00|4401.79|4432.25|4399.99|4418.55|12542
2026-03-24 16:00|4418.39|4420.95|4390.93|4413.01|9345
2026-03-24 17:00|4413.83|4431.08|4395.93|4426.54|20459
2026-03-24 18:00|4426.42|4441.67|4414.74|4438.31|13448
2026-03-24 19:00|4438.45|4441.96|4376.37|4408.02|12676
2026-03-24 20:00|4408.25|4427.51|4362.13|4379.18|23384
2026-03-24 21:00|4377.99|4390.00|4351.61|4381.47|29785
2026-03-24 22:00|4381.46|4433.79|4380.70|4415.54|29951
2026-03-24 23:00|4415.66|4430.67|4396.17|4411.68|29009
2026-03-25 00:00|4411.56|4427.69|4402.78|4421.32|27379
2026-03-25 01:00|4421.33|4426.56|4372.21|4388.55|28949
2026-03-25 02:00|4388.41|4423.25|4384.01|4389.58|27676
2026-03-25 03:00|4389.11|4411.51|4388.70|4400.27|24854
2026-03-25 04:00|4400.06|4484.40|4397.39|4474.53|23032
2026-03-25 06:00|4476.41|4485.27|4456.14|4484.45|19939
2026-03-25 07:00|4484.51|4551.45|4472.32|4546.89|23359
2026-03-25 08:00|4546.92|4571.97|4537.37|4563.57|23629
2026-03-25 09:00|4563.48|4601.14|4552.40|4594.96|25384
2026-03-25 10:00|4595.06|4602.43|4579.95|4583.57|22984
2026-03-25 11:00|4583.56|4586.31|4567.67|4570.21|19810
2026-03-25 12:00|4570.15|4574.61|4565.66|4572.65|14592
2026-03-25 13:00|4573.03|4573.39|4549.59|4555.81|20666
2026-03-25 14:00|4555.83|4557.04|4533.01|4545.57|22250
2026-03-25 15:00|4545.02|4563.24|4536.96|4539.53|20337
2026-03-25 16:00|4539.67|4567.59|4535.77|4556.22|22577
2026-03-25 17:00|4556.19|4567.43|4527.47|4551.87|20890
2026-03-25 18:00|4552.07|4562.52|4551.12|4558.94|18507
2026-03-25 19:00|4558.93|4585.72|4555.98|4578.83|19212
2026-03-25 20:00|4578.75|4583.84|4522.41|4544.23|25468
2026-03-25 21:00|4544.11|4576.46|4540.95|4544.59|27527
2026-03-25 22:00|4545.35|4579.34|4532.99|4567.12|27817
2026-03-25 23:00|4567.24|4568.73|4525.28|4558.88|26755
2026-03-26 00:00|4559.09|4564.75|4545.21|4555.22|25778
2026-03-26 01:00|4554.95|4564.06|4542.74|4550.70|23604
2026-03-26 02:00|4550.71|4569.11|4530.94|4538.14|23816
2026-03-26 03:00|4538.43|4539.69|4486.79|4531.06|25431
2026-03-26 04:00|4530.85|4542.23|4495.25|4506.34|17036
2026-03-26 06:00|4517.24|4534.66|4505.61|4517.37|18355
2026-03-26 07:00|4517.42|4518.25|4488.98|4498.38|17561
2026-03-26 08:00|4498.35|4539.33|4498.14|4535.82|20883
2026-03-26 09:00|4535.69|4543.95|4522.32|4535.62|23518
2026-03-26 10:00|4535.60|4535.90|4505.63|4508.72|20855
2026-03-26 11:00|4508.64|4518.74|4499.91|4516.79|18741
2026-03-26 12:00|4517.23|4524.27|4511.44|4520.61|14195
2026-03-26 13:00|4520.80|4522.33|4439.16|4439.24|23251
2026-03-26 14:00|4438.95|4459.54|4415.78|4456.47|25916
2026-03-26 15:00|4456.49|4463.83|4438.82|4452.57|21991
2026-03-26 16:00|4451.22|4459.08|4412.37|4427.67|26247
2026-03-26 17:00|4427.59|4437.06|4414.45|4423.53|24613
2026-03-26 18:00|4423.58|4448.23|4417.16|4442.91|22659
2026-03-26 19:00|4443.11|4456.59|4418.89|4422.90|23279
2026-03-26 20:00|4423.28|4445.85|4416.44|4429.66|24982
2026-03-26 21:00|4429.09|4460.49|4420.51|4452.65|28296
2026-03-26 22:00|4452.69|4479.38|4437.36|4464.95|29077
2026-03-26 23:00|4465.21|4469.02|4433.99|4438.40|27384
2026-03-27 00:00|4438.06|4442.78|4367.30|4389.35|28500
2026-03-27 01:00|4388.95|4402.41|4377.19|4381.49|26681
2026-03-27 02:00|4381.50|4397.96|4367.92|4394.44|25063
2026-03-27 03:00|4394.51|4399.30|4359.00|4364.17|24385
2026-03-27 04:00|4364.01|4420.60|4351.07|4378.37|25459
2026-03-27 06:00|4384.07|4415.32|4379.50|4411.03|16522
2026-03-27 07:00|4411.38|4414.50|4389.93|4404.92|14007
2026-03-27 08:00|4404.93|4410.92|4375.35|4378.54|18178
2026-03-27 09:00|4378.78|4420.38|4377.50|4417.46|21217
2026-03-27 10:00|4417.76|4440.37|4417.11|4431.89|19998
2026-03-27 11:00|4431.74|4446.31|4421.27|4437.40|17480
2026-03-27 12:00|4437.59|4449.60|4431.32|4445.82|12936
2026-03-27 13:00|4445.47|4474.98|4440.27|4454.59|19297
2026-03-27 14:00|4454.40|4472.97|4451.88|4459.41|19826
2026-03-27 15:00|4459.38|4463.12|4442.80|4447.57|17624
2026-03-27 16:00|4447.33|4450.68|4423.65|4424.26|20895
2026-03-27 17:00|4424.25|4438.31|4420.70|4428.72|19394
2026-03-27 18:00|4428.73|4432.90|4411.08|4414.64|19535
2026-03-27 19:00|4414.76|4426.40|4404.21|4420.14|19897
2026-03-27 20:00|4419.98|4445.22|4412.49|4437.78|21710
2026-03-27 21:00|4437.89|4443.90|4413.64|4432.02|26660
2026-03-27 22:00|4431.14|4514.95|4430.72|4509.78|28614
2026-03-27 23:00|4509.54|4555.29|4501.59|4524.22|28963
2026-03-28 00:00|4524.32|4533.80|4505.65|4516.01|25355
2026-03-28 01:00|4516.04|4522.15|4486.35|4486.53|25535
2026-03-28 02:00|4486.65|4528.78|4486.65|4516.95|23861
2026-03-28 03:00|4516.96|4526.18|4500.83|4514.51|22870
2026-03-28 04:00|4514.73|4519.73|4491.14|4495.03|14985
2026-03-30 06:00|4485.85|4514.97|4475.77|4484.61|22554
2026-03-30 07:00|4484.57|4492.69|4443.78|4448.11|21367
2026-03-30 08:00|4448.78|4466.56|4420.07|4432.10|25603
2026-03-30 09:00|4432.13|4475.82|4432.13|4469.87|26472
2026-03-30 10:00|4469.61|4499.10|4458.73|4481.35|22304
2026-03-30 11:00|4481.02|4517.44|4478.72|4496.15|21043
2026-03-30 12:00|4496.16|4498.80|4486.16|4497.00|16518
2026-03-30 13:00|4496.84|4528.78|4496.77|4522.25|20781
2026-03-30 14:00|4522.18|4550.73|4516.90|4532.26|22570
2026-03-30 15:00|4532.29|4534.63|4515.83|4527.46|21141
2026-03-30 16:00|4527.38|4540.38|4525.21|4538.19|19092
2026-03-30 17:00|4538.35|4540.60|4523.74|4532.48|19419
2026-03-30 18:00|4533.20|4540.12|4527.82|4532.30|17095
2026-03-30 19:00|4532.71|4580.57|4525.47|4559.51|22522
2026-03-30 20:00|4559.77|4578.22|4545.28|4569.48|22411
2026-03-30 21:00|4569.44|4578.50|4517.02|4523.56|26438
2026-03-30 22:00|4523.24|4541.11|4512.46|4538.71|27666
2026-03-30 23:00|4538.83|4556.86|4524.66|4548.21|24938
2026-03-31 00:00|4548.04|4549.67|4532.39|4539.80|23615
2026-03-31 01:00|4539.89|4542.36|4511.44|4515.16|24406
2026-03-31 02:00|4515.17|4523.24|4498.36|4499.09|21978
2026-03-31 03:00|4498.64|4518.51|4492.98|4513.71|24243
2026-03-31 04:00|4513.38|4516.52|4500.90|4511.12|12857
2026-03-31 06:00|4514.26|4523.86|4502.30|4510.72|11859
2026-03-31 07:00|4510.72|4520.91|4492.38|4513.74|14949
2026-03-31 08:00|4513.46|4548.21|4482.59|4547.61|24032
2026-03-31 09:00|4547.60|4619.46|4532.20|4604.89|27099
2026-03-31 10:00|4605.02|4607.46|4565.39|4568.36|23911
2026-03-31 11:00|4568.18|4577.01|4550.39|4557.03|19900
2026-03-31 12:00|4557.04|4568.97|4557.00|4564.86|16285
2026-03-31 13:00|4564.18|4581.84|4547.51|4568.93|20893
2026-03-31 14:00|4568.66|4568.83|4553.17|4557.06|21761
2026-03-31 15:00|4557.26|4565.81|4543.18|4564.60|19979
2026-03-31 16:00|4564.25|4575.42|4560.60|4568.77|20291
2026-03-31 17:00|4568.91|4572.56|4550.42|4555.48|19592
2026-03-31 18:00|4555.42|4561.94|4529.40|4547.15|18908
2026-03-31 19:00|4547.35|4593.30|4540.97|4582.47|25195
2026-03-31 20:00|4582.45|4597.69|4569.15|4574.94|24538
2026-03-31 21:00|4574.93|4609.90|4567.76|4607.33|25608
2026-03-31 22:00|4607.23|4630.14|4595.01|4599.00|28576
2026-03-31 23:00|4599.63|4625.32|4599.32|4609.40|26221
2026-04-01 00:00|4609.42|4651.74|4606.68|4638.35|26096
2026-04-01 01:00|4638.36|4667.43|4636.30|4654.65|28222
2026-04-01 02:00|4654.43|4671.21|4653.57|4667.61|24827
2026-04-01 03:00|4667.57|4685.64|4661.75|4682.61|24630
2026-04-01 04:00|4683.13|4687.13|4664.37|4667.07|15870
2026-04-01 06:00|4681.75|4696.20|4661.61|4680.60|17289
2026-04-01 07:00|4681.06|4699.99|4671.54|4696.23|16706
2026-04-01 08:00|4696.21|4722.65|4693.33|4710.75|22045
2026-04-01 09:00|4710.77|4724.20|4681.49|4692.59|25471
2026-04-01 10:00|4693.28|4700.40|4678.19|4684.60|20389
2026-04-01 11:00|4684.55|4693.92|4679.55|4681.75|16992
2026-04-01 12:00|4681.99|4682.03|4666.90|4676.19|15124
2026-04-01 13:00|4676.23|4703.54|4674.75|4684.12|19442
2026-04-01 14:00|4684.17|4733.16|4682.61|4730.51|22940
2026-04-01 15:00|4730.46|4747.77|4709.52|4713.12|23227
2026-04-01 16:00|4712.93|4740.15|4710.58|4728.75|21094
2026-04-01 17:00|4728.79|4730.31|4713.13|4723.32|19365
2026-04-01 18:00|4723.34|4738.81|4715.35|4731.20|17642
2026-04-01 19:00|4731.19|4763.05|4728.20|4752.35|19985
2026-04-01 20:00|4752.32|4753.60|4724.29|4724.67|23418
2026-04-01 21:00|4724.95|4749.71|4715.99|4738.07|26623
2026-04-01 22:00|4734.97|4768.86|4724.21|4760.88|27696
2026-04-01 23:00|4760.85|4788.32|4758.40|4786.63|24584
2026-04-02 00:00|4786.64|4790.69|4774.45|4787.10|21486
2026-04-02 01:00|4787.06|4793.00|4773.90|4774.24|21146
2026-04-02 02:00|4774.25|4775.35|4742.20|4753.11|26024
2026-04-02 03:00|4753.14|4778.30|4751.03|4766.27|23263
2026-04-02 04:00|4766.22|4771.16|4754.27|4758.08|13847
2026-04-02 06:00|4759.25|4782.46|4751.85|4776.31|14459
2026-04-02 07:00|4776.46|4800.26|4773.51|4783.99|15924
2026-04-02 08:00|4784.03|4798.71|4775.08|4784.51|20353
2026-04-02 09:00|4784.22|4786.50|4650.45|4696.75|29259
2026-04-02 10:00|4696.34|4704.32|4655.90|4686.68|26568
2026-04-02 11:00|4686.73|4699.42|4675.63|4676.36|20204
2026-04-02 12:00|4676.36|4681.44|4657.06|4672.70|16426
2026-04-02 13:00|4672.82|4680.44|4585.87|4594.06|22364
2026-04-02 14:00|4594.61|4608.74|4554.19|4599.17|25675
2026-04-02 15:00|4597.98|4651.17|4597.25|4642.76|20379
2026-04-02 16:00|4642.89|4648.79|4616.93|4620.67|20120
2026-04-02 17:00|4620.65|4632.02|4613.14|4621.71|18425
2026-04-02 18:00|4621.72|4634.94|4604.15|4620.53|19294
2026-04-02 19:00|4620.59|4630.47|4592.84|4600.03|21111
2026-04-02 20:00|4600.45|4630.28|4594.58|4601.77|22939
2026-04-02 21:00|4601.96|4651.61|4580.77|4646.39|29017
2026-04-02 22:00|4646.36|4699.52|4631.72|4681.49|29674
2026-04-02 23:00|4681.69|4683.99|4652.56|4661.18|28430
2026-04-03 00:00|4661.19|4670.77|4642.90|4659.42|25927
2026-04-03 01:00|4659.34|4668.31|4645.68|4648.70|24148
2026-04-03 02:00|4648.96|4672.18|4647.47|4668.69|22046
2026-04-03 03:00|4669.01|4682.00|4661.53|4671.98|22113
2026-04-03 04:00|4672.05|4677.90|4664.36|4676.12|14151
2026-04-06 06:00|4632.12|4665.57|4608.28|4645.70|21005
2026-04-06 07:00|4645.72|4651.31|4605.35|4610.97|18962
2026-04-06 08:00|4611.04|4629.40|4600.65|4622.13|21236
2026-04-06 09:00|4622.14|4643.25|4620.32|4625.80|19722
2026-04-06 10:00|4626.02|4671.98|4623.49|4647.82|21152
2026-04-06 11:00|4647.78|4648.00|4625.33|4640.53|18768
2026-04-06 12:00|4640.53|4659.79|4639.84|4658.88|14113
2026-04-06 13:00|4659.12|4678.57|4651.15|4652.60|15464
2026-04-06 14:00|4652.63|4667.88|4644.07|4665.93|16976
2026-04-06 15:00|4666.09|4688.53|4644.86|4684.81|18605
2026-04-06 16:00|4684.90|4698.25|4681.73|4695.79|17260
2026-04-06 17:00|4696.03|4706.30|4690.83|4693.49|17065
2026-04-06 18:00|4693.70|4697.64|4684.59|4689.60|16593
2026-04-06 19:00|4689.86|4696.82|4677.04|4678.08|15913
2026-04-06 20:00|4678.16|4686.89|4659.53|4675.75|19326
2026-04-06 21:00|4676.67|4681.67|4659.84|4680.02|23948
2026-04-06 22:00|4682.08|4697.68|4660.08|4682.79|27162
2026-04-06 23:00|4683.01|4684.11|4651.97|4668.19|22638
2026-04-07 00:00|4668.21|4672.62|4657.90|4660.38|19499
2026-04-07 01:00|4660.24|4661.13|4645.72|4653.74|21281
2026-04-07 02:00|4653.52|4666.25|4648.75|4658.27|21153
2026-04-07 03:00|4658.26|4659.54|4645.54|4655.72|17222
2026-04-07 04:00|4655.64|4658.44|4649.10|4650.62|10966
2026-04-07 06:00|4658.27|4668.00|4656.67|4658.25|11843
2026-04-07 07:00|4658.30|4661.18|4651.41|4658.91|10544
2026-04-07 08:00|4658.99|4661.33|4649.06|4655.02|16005
2026-04-07 09:00|4654.24|4664.27|4616.17|4626.78|26796
2026-04-07 10:00|4626.95|4654.09|4619.80|4650.38|20615
2026-04-07 11:00|4650.34|4654.14|4639.38|4649.47|16473
2026-04-07 12:00|4649.44|4663.96|4645.50|4659.55|14089
2026-04-07 13:00|4660.13|4661.48|4623.33|4642.99|19455
2026-04-07 14:00|4642.71|4656.59|4637.84|4653.41|21758
2026-04-07 15:00|4653.78|4656.97|4636.42|4645.95|18420
2026-04-07 16:00|4646.39|4690.97|4644.12|4683.04|23797
2026-04-07 17:00|4682.77|4694.55|4658.76|4670.89|21171
2026-04-07 18:00|4671.71|4680.74|4649.25|4651.98|22665
2026-04-07 19:00|4652.00|4663.99|4628.79|4659.65|21283
2026-04-07 20:00|4659.89|4671.01|4646.73|4651.71|22259
2026-04-07 21:00|4651.76|4663.28|4635.49|4644.25|26541
2026-04-07 22:00|4644.05|4661.41|4607.63|4633.43|28566
2026-04-07 23:00|4633.38|4659.32|4625.00|4655.71|26284
2026-04-08 00:00|4655.77|4668.40|4652.53|4657.19|24481
2026-04-08 01:00|4657.28|4686.73|4654.00|4676.01|23338
2026-04-08 02:00|4675.93|4686.37|4657.62|4662.32|21895
2026-04-08 03:00|4662.70|4718.49|4660.59|4700.71|26933
2026-04-08 04:00|4700.77|4716.76|4697.23|4705.53|20420
2026-04-08 06:00|4746.96|4819.47|4713.45|4818.45|23282
2026-04-08 07:00|4818.10|4836.26|4801.05|4833.32|23945
2026-04-08 08:00|4833.22|4857.18|4808.72|4817.70|24383
2026-04-08 09:00|4817.75|4825.30|4788.17|4810.13|25376
2026-04-08 10:00|4809.70|4825.28|4798.66|4803.92|19068
2026-04-08 11:00|4803.98|4805.72|4795.02|4797.51|16544
2026-04-08 12:00|4797.50|4806.52|4790.28|4803.56|15346
2026-04-08 13:00|4803.50|4843.38|4800.26|4827.65|18943
2026-04-08 14:00|4827.66|4839.74|4819.95|4820.12|21251
2026-04-08 15:00|4820.84|4821.24|4805.28|4813.57|20259
2026-04-08 16:00|4813.84|4819.94|4790.58|4793.88|20396
2026-04-08 17:00|4793.89|4806.65|4776.37|4783.17|19360
2026-04-08 18:00|4782.95|4796.09|4771.30|4782.64|18511
2026-04-08 19:00|4782.69|4802.89|4778.18|4798.22|20294
2026-04-08 20:00|4798.32|4807.07|4768.14|4799.81|22562
2026-04-08 21:00|4799.80|4806.59|4768.41|4778.08|26360
2026-04-08 22:00|4777.25|4792.10|4732.33|4736.45|28309
2026-04-08 23:00|4736.19|4763.15|4734.37|4756.45|25250
2026-04-09 00:00|4756.37|4765.71|4745.56|4760.65|21950
2026-04-09 01:00|4760.64|4764.50|4731.29|4734.04|22202
2026-04-09 02:00|4734.74|4744.49|4703.68|4705.44|24912
2026-04-09 03:00|4705.01|4731.88|4699.82|4730.64|22848
2026-04-09 04:00|4730.48|4732.08|4717.10|4719.07|13388
2026-04-09 06:00|4727.89|4733.23|4704.74|4717.78|13099
2026-04-09 07:00|4717.54|4720.03|4705.46|4715.66|12055
2026-04-09 08:00|4715.81|4719.14|4698.52|4706.71|17191
2026-04-09 09:00|4707.08|4728.33|4699.42|4727.50|21712
2026-04-09 10:00|4727.47|4732.99|4717.35|4719.16|16224
2026-04-09 11:00|4719.05|4720.33|4705.24|4711.70|16678
2026-04-09 12:00|4711.76|4725.42|4709.70|4720.72|13005
2026-04-09 13:00|4721.04|4726.72|4705.78|4713.09|17406
2026-04-09 14:00|4712.98|4725.46|4703.44|4712.43|21106
2026-04-09 15:00|4712.58|4731.45|4705.80|4724.25|21414
2026-04-09 16:00|4724.84|4733.29|4719.78|4726.34|17414
2026-04-09 17:00|4726.35|4733.15|4722.89|4729.32|16558
2026-04-09 18:00|4729.33|4746.79|4723.73|4741.31|17212
2026-04-09 19:00|4741.08|4757.39|4738.39|4756.53|16291
2026-04-09 20:00|4756.52|4759.78|4734.94|4746.09|20694
2026-04-09 21:00|4745.87|4777.04|4738.77|4764.57|25672
2026-04-09 22:00|4764.49|4776.42|4747.16|4768.57|26304
2026-04-09 23:00|4768.76|4797.97|4761.08|4792.74|26065
2026-04-10 00:00|4792.77|4801.12|4784.62|4788.83|22257
2026-04-10 01:00|4789.07|4801.20|4786.79|4797.77|20099
2026-04-10 02:00|4797.84|4798.26|4767.85|4772.25|22678
2026-04-10 03:00|4772.01|4782.76|4766.93|4768.94|19287
2026-04-10 04:00|4769.23|4773.51|4760.96|4765.51|10767
2026-04-10 06:00|4775.38|4779.51|4758.59|4764.35|11112
2026-04-10 07:00|4764.28|4764.35|4756.91|4763.59|10925
2026-04-10 08:00|4763.52|4763.52|4750.77|4762.92|15482
2026-04-10 09:00|4762.90|4776.70|4757.95|4764.68|20557
2026-04-10 10:00|4764.84|4765.50|4737.91|4752.79|20113
2026-04-10 11:00|4752.84|4769.61|4752.76|4766.47|16837
2026-04-10 12:00|4766.47|4770.87|4757.77|4758.44|11916
2026-04-10 13:00|4758.44|4769.22|4757.29|4765.74|14977
2026-04-10 14:00|4765.75|4765.75|4742.69|4746.37|18338
2026-04-10 15:00|4745.62|4757.59|4741.09|4749.69|15840
2026-04-10 16:00|4749.82|4753.36|4730.77|4740.80|16994
2026-04-10 17:00|4740.75|4760.58|4740.75|4751.47|17651
2026-04-10 18:00|4751.50|4760.71|4742.27|4757.33|15999
2026-04-10 19:00|4757.35|4768.85|4753.18|4768.26|14972
2026-04-10 20:00|4768.28|4782.56|4759.78|4772.04|20894
2026-04-10 21:00|4771.44|4780.12|4765.33|4775.03|24213
2026-04-10 22:00|4775.75|4795.16|4767.54|4774.94|25933
2026-04-10 23:00|4775.21|4787.54|4755.33|4762.19|23660
2026-04-11 00:00|4762.01|4766.19|4747.51|4763.95|21687
2026-04-11 01:00|4764.05|4768.73|4758.07|4760.36|18971
2026-04-11 02:00|4760.15|4773.40|4751.13|4765.25|18444
2026-04-11 03:00|4765.26|4770.49|4758.15|4759.83|17789
2026-04-11 04:00|4759.98|4760.05|4740.91|4748.66|12991
2026-04-13 06:00|4669.62|4692.35|4644.75|4659.10|20778
2026-04-13 07:00|4659.18|4672.11|4644.27|4671.58|15540
2026-04-13 08:00|4671.88|4698.25|4664.62|4695.77|17882
2026-04-13 09:00|4694.64|4728.16|4693.90|4721.13|22183
2026-04-13 10:00|4721.14|4727.93|4711.11|4720.43|18311
2026-04-13 11:00|4720.35|4723.99|4712.27|4718.00|13412
2026-04-13 12:00|4717.99|4725.01|4708.52|4723.16|12298
2026-04-13 13:00|4723.17|4730.75|4716.35|4729.46|16030
2026-04-13 14:00|4729.43|4732.61|4720.74|4725.53|18622
2026-04-13 15:00|4725.60|4740.11|4724.74|4733.64|17771
2026-04-13 16:00|4733.70|4738.71|4720.40|4723.32|16577
2026-04-13 17:00|4723.34|4728.64|4710.64|4714.58|16302
2026-04-13 18:00|4714.57|4723.91|4708.44|4721.94|15226
2026-04-13 19:00|4722.07|4729.21|4703.72|4706.53|17773
2026-04-13 20:00|4706.79|4725.29|4703.86|4723.46|20602
2026-04-13 21:00|4723.46|4744.38|4721.30|4730.49|25629
2026-04-13 22:00|4730.45|4731.31|4708.85|4719.25|26010
2026-04-13 23:00|4719.29|4719.80|4700.26|4714.47|23368
2026-04-14 00:00|4714.48|4746.10|4709.19|4732.96|24578
2026-04-14 01:00|4732.97|4750.25|4725.52|4729.95|20550
2026-04-14 02:00|4730.08|4740.76|4723.26|4738.55|18469
2026-04-14 03:00|4738.48|4747.56|4730.52|4741.21|18816
2026-04-14 04:00|4741.36|4744.14|4738.10|4740.48|11092
2026-04-14 06:00|4751.71|4759.62|4745.66|4758.13|11862
2026-04-14 07:00|4757.90|4765.75|4754.39|4757.74|12258
2026-04-14 08:00|4757.72|4775.79|4751.40|4770.06|16667
2026-04-14 09:00|4769.96|4776.92|4761.73|4765.07|20351
2026-04-14 10:00|4764.77|4777.16|4762.02|4775.29|15490
2026-04-14 11:00|4775.30|4775.73|4765.64|4767.64|13141
2026-04-14 12:00|4767.98|4776.74|4766.80|4774.19|10299
2026-04-14 13:00|4774.20|4774.33|4757.88|4759.96|16555
2026-04-14 14:00|4760.14|4783.08|4760.02|4782.26|16588
2026-04-14 15:00|4782.20|4796.13|4767.57|4777.12|20233
2026-04-14 16:00|4777.26|4789.98|4774.28|4786.59|16850
2026-04-14 17:00|4786.69|4789.41|4771.40|4778.31|15494
2026-04-14 18:00|4778.35|4788.17|4751.96|4768.31|15639
2026-04-14 19:00|4768.15|4783.10|4766.79|4774.86|15767
2026-04-14 20:00|4774.83|4777.72|4762.14|4771.45|21107
2026-04-14 21:00|4771.46|4803.60|4771.21|4794.73|24667
2026-04-14 22:00|4794.83|4818.18|4793.04|4803.79|24932
2026-04-14 23:00|4803.85|4816.21|4791.10|4808.28|22843
2026-04-15 00:00|4808.32|4820.17|4805.02|4810.36|20086
2026-04-15 01:00|4810.41|4841.27|4809.51|4835.11|20533
2026-04-15 02:00|4835.14|4843.46|4830.86|4835.81|19064
2026-04-15 03:00|4835.86|4846.31|4835.86|4845.18|17929
2026-04-15 04:00|4845.10|4846.37|4839.53|4841.92|10703
2026-04-15 06:00|4839.76|4850.71|4833.19|4835.24|12773
2026-04-15 07:00|4835.04|4844.49|4833.64|4837.04|13550
2026-04-15 08:00|4837.02|4840.12|4827.30|4835.29|15178
2026-04-15 09:00|4835.21|4871.51|4828.04|4847.15|22538
2026-04-15 10:00|4847.00|4853.37|4820.84|4824.08|20924
2026-04-15 11:00|4824.02|4829.71|4816.63|4824.08|16309
2026-04-15 12:00|4824.14|4827.81|4820.43|4824.96|12519
2026-04-15 13:00|4824.86|4830.62|4812.51|4819.88|18553
2026-04-15 14:00|4819.94|4825.10|4811.12|4811.64|18978
2026-04-15 15:00|4811.66|4816.85|4803.90|4811.08|18426
2026-04-15 16:00|4811.11|4820.92|4804.43|4818.59|17508
2026-04-15 17:00|4818.48|4819.61|4786.12|4798.27|19197
2026-04-15 18:00|4798.16|4805.28|4790.64|4800.17|19000
2026-04-15 19:00|4800.24|4814.99|4795.54|4812.51|18423
2026-04-15 20:00|4812.50|4816.26|4806.94|4811.74|18338
2026-04-15 21:00|4811.72|4830.24|4808.45|4829.03|24760
2026-04-15 22:00|4828.98|4830.49|4813.50|4815.68|23435
2026-04-15 23:00|4815.69|4816.23|4786.81|4801.75|22790
2026-04-16 00:00|4801.71|4812.74|4800.13|4803.93|19709
2026-04-16 01:00|4804.07|4808.74|4790.70|4792.51|19073
2026-04-16 02:00|4792.69|4802.03|4790.12|4799.87|18692
2026-04-16 03:00|4799.95|4803.45|4794.41|4795.67|17628
2026-04-16 04:00|4795.91|4796.70|4787.86|4790.67|11376
2026-04-16 06:00|4796.79|4812.09|4790.83|4807.50|12764
2026-04-16 07:00|4807.46|4826.78|4807.40|4823.54|12974
2026-04-16 08:00|4823.70|4837.44|4820.66|4833.25|15798
2026-04-16 09:00|4833.20|4836.42|4811.44|4817.81|20211
2026-04-16 10:00|4817.89|4825.05|4812.35|4819.58|17514
2026-04-16 11:00|4819.59|4827.23|4818.72|4824.09|12691
2026-04-16 12:00|4824.26|4833.46|4822.70|4833.19|10650
2026-04-16 13:00|4833.20|4838.31|4820.96|4821.41|17069
2026-04-16 14:00|4821.39|4830.48|4814.74|4826.16|19822
2026-04-16 15:00|4826.17|4831.07|4817.07|4821.13|16985
2026-04-16 16:00|4821.54|4821.96|4806.78|4813.67|17225
2026-04-16 17:00|4813.61|4818.04|4806.90|4813.00|15488
2026-04-16 18:00|4813.00|4817.27|4805.03|4817.14|15259
2026-04-16 19:00|4817.47|4822.56|4815.50|4822.12|15330
2026-04-16 20:00|4822.22|4823.22|4811.73|4816.09|17412
2026-04-16 21:00|4816.39|4823.92|4784.80|4794.80|23192
2026-04-16 22:00|4794.39|4805.46|4773.00|4788.68|25953
2026-04-16 23:00|4788.29|4813.04|4788.17|4807.09|22309
2026-04-17 00:00|4807.02|4810.07|4785.21|4792.14|20949
2026-04-17 01:00|4792.21|4795.49|4781.23|4789.34|20809
2026-04-17 02:00|4789.35|4794.28|4785.67|4789.77|19988
2026-04-17 03:00|4790.04|4798.72|4789.51|4793.78|17331
2026-04-17 04:00|4793.79|4793.92|4786.52|4790.97|10226
2026-04-17 06:00|4794.96|4797.85|4790.47|4795.20|10761
2026-04-17 07:00|4795.23|4797.93|4791.55|4791.59|9940
2026-04-17 08:00|4791.41|4801.21|4785.75|4794.96|14307
2026-04-17 09:00|4794.88|4795.14|4767.51|4789.42|21724
2026-04-17 10:00|4789.37|4794.74|4784.37|4784.71|15292
2026-04-17 11:00|4784.73|4798.07|4784.66|4793.45|14688
2026-04-17 12:00|4793.29|4804.57|4792.56|4803.13|11510
2026-04-17 13:00|4803.08|4806.28|4793.54|4794.04|16455
2026-04-17 14:00|4794.20|4795.34|4779.19|4785.13|18048
2026-04-17 15:00|4785.12|4794.81|4778.65|4784.52|16192
2026-04-17 16:00|4784.44|4797.03|4780.75|4796.09|15344
2026-04-17 17:00|4796.08|4801.00|4789.83|4790.25|15006
2026-04-17 18:00|4790.37|4794.14|4782.22|4787.24|14523
2026-04-17 19:00|4787.35|4811.53|4783.45|4799.12|15548
2026-04-17 20:00|4799.42|4847.79|4797.54|4846.78|21637
2026-04-17 21:00|4846.47|4889.44|4834.96|4880.48|28236
2026-04-17 22:00|4880.49|4885.38|4860.82|4873.13|25665
2026-04-17 23:00|4873.11|4880.47|4854.70|4867.39|23870
2026-04-18 00:00|4867.45|4873.46|4863.53|4867.15|19285
2026-04-18 01:00|4867.19|4869.50|4853.99|4862.55|21345
2026-04-18 02:00|4862.65|4867.96|4855.86|4858.22|19945
2026-04-18 03:00|4858.24|4861.39|4852.69|4854.71|19000
2026-04-18 04:00|4854.62|4855.22|4831.21|4834.06|16647

### M15 | XAUUSD_M15_last300 | 300 bars
时间(BJT)|开|高|低|收|量
2026-04-14 23:00|4803.85|4804.05|4791.10|4794.86|6236
2026-04-14 23:15|4794.79|4805.92|4793.11|4802.53|5773
2026-04-14 23:30|4802.65|4813.77|4802.57|4809.26|5434
2026-04-14 23:45|4809.25|4816.21|4806.52|4808.28|5400
2026-04-15 00:00|4808.32|4814.27|4805.02|4809.63|5325
2026-04-15 00:15|4809.62|4819.33|4807.22|4816.34|5360
2026-04-15 00:30|4816.36|4820.17|4813.51|4815.43|4635
2026-04-15 00:45|4815.41|4818.30|4809.28|4810.36|4766
2026-04-15 01:00|4810.41|4833.59|4809.51|4827.06|5393
2026-04-15 01:15|4827.08|4832.11|4824.89|4825.81|5341
2026-04-15 01:30|4825.90|4841.27|4825.41|4837.39|5142
2026-04-15 01:45|4837.23|4839.98|4834.48|4835.11|4657
2026-04-15 02:00|4835.14|4843.46|4834.61|4838.83|4846
2026-04-15 02:15|4839.02|4839.94|4833.22|4837.79|5357
2026-04-15 02:30|4837.56|4839.29|4834.11|4834.64|4533
2026-04-15 02:45|4834.60|4836.40|4830.86|4835.81|4328
2026-04-15 03:00|4835.86|4842.64|4835.86|4840.97|4106
2026-04-15 03:15|4840.99|4842.38|4838.50|4840.63|3968
2026-04-15 03:30|4840.31|4843.68|4838.63|4841.07|4515
2026-04-15 03:45|4841.13|4846.31|4840.05|4845.18|5340
2026-04-15 04:00|4845.10|4846.37|4841.92|4842.91|3278
2026-04-15 04:15|4842.92|4843.31|4839.53|4840.29|2478
2026-04-15 04:30|4840.31|4843.04|4839.67|4842.32|2322
2026-04-15 04:45|4842.18|4843.40|4840.30|4841.92|2625
2026-04-15 06:00|4839.76|4850.71|4838.35|4844.99|3986
2026-04-15 06:15|4845.02|4847.11|4835.91|4839.94|3071
2026-04-15 06:30|4839.91|4843.28|4837.83|4840.18|2960
2026-04-15 06:45|4840.17|4840.51|4833.19|4835.24|2756
2026-04-15 07:00|4835.04|4844.49|4833.64|4837.09|3342
2026-04-15 07:15|4837.08|4839.41|4834.83|4835.96|3150
2026-04-15 07:30|4835.96|4842.65|4834.93|4842.17|3903
2026-04-15 07:45|4842.40|4844.19|4836.29|4837.04|3155
2026-04-15 08:00|4837.02|4840.12|4831.59|4833.75|4331
2026-04-15 08:15|4833.74|4836.54|4828.76|4833.42|4026
2026-04-15 08:30|4833.57|4833.58|4827.30|4830.27|3318
2026-04-15 08:45|4830.26|4837.66|4829.15|4835.29|3503
2026-04-15 09:00|4835.21|4852.40|4828.04|4850.08|5870
2026-04-15 09:15|4850.03|4871.51|4842.28|4850.76|6246
2026-04-15 09:30|4850.49|4851.27|4842.47|4843.65|5388
2026-04-15 09:45|4843.67|4848.88|4839.90|4847.15|5034
2026-04-15 10:00|4847.00|4853.37|4844.93|4845.01|5042
2026-04-15 10:15|4845.12|4846.17|4832.31|4834.70|4117
2026-04-15 10:30|4834.79|4834.91|4821.47|4828.51|6070
2026-04-15 10:45|4828.47|4830.49|4820.84|4824.08|5695
2026-04-15 11:00|4824.02|4825.25|4816.63|4821.05|5325
2026-04-15 11:15|4821.08|4828.10|4820.48|4826.35|4559
2026-04-15 11:30|4826.22|4828.83|4825.41|4828.56|3210
2026-04-15 11:45|4828.57|4829.71|4823.81|4824.08|3215
2026-04-15 12:00|4824.14|4826.47|4820.43|4825.53|3559
2026-04-15 12:15|4825.51|4826.58|4821.31|4824.63|2894
2026-04-15 12:30|4824.69|4827.81|4823.10|4823.50|2893
2026-04-15 12:45|4823.26|4826.17|4821.30|4824.96|3173
2026-04-15 13:00|4824.86|4828.69|4822.49|4826.99|4278
2026-04-15 13:15|4826.98|4830.62|4824.49|4826.25|3816
2026-04-15 13:30|4825.98|4827.96|4812.51|4816.74|5483
2026-04-15 13:45|4816.80|4823.52|4814.37|4819.88|4976
2026-04-15 14:00|4819.94|4825.10|4816.53|4819.27|4624
2026-04-15 14:15|4819.42|4819.77|4813.51|4814.71|4764
2026-04-15 14:30|4814.61|4817.80|4811.12|4816.22|4739
2026-04-15 14:45|4816.00|4822.22|4811.15|4811.64|4851
2026-04-15 15:00|4811.66|4816.85|4803.90|4815.94|5109
2026-04-15 15:15|4815.96|4816.16|4805.54|4812.96|4713
2026-04-15 15:30|4812.77|4815.63|4808.58|4810.42|4196
2026-04-15 15:45|4810.44|4812.62|4806.25|4811.08|4408
2026-04-15 16:00|4811.11|4812.64|4804.43|4811.41|4469
2026-04-15 16:15|4811.49|4814.48|4805.82|4809.97|4297
2026-04-15 16:30|4810.07|4813.13|4805.58|4810.63|4450
2026-04-15 16:45|4810.59|4820.92|4809.99|4818.59|4292
2026-04-15 17:00|4818.48|4819.61|4792.70|4805.13|5562
2026-04-15 17:15|4805.27|4807.32|4797.45|4797.96|4508
2026-04-15 17:30|4797.59|4803.89|4795.19|4796.35|4410
2026-04-15 17:45|4796.39|4800.43|4786.12|4798.27|4717
2026-04-15 18:00|4798.16|4803.11|4795.35|4801.30|4335
2026-04-15 18:15|4801.29|4801.45|4790.64|4794.90|5491
2026-04-15 18:30|4795.02|4800.61|4793.03|4799.96|4767
2026-04-15 18:45|4800.10|4805.28|4799.52|4800.17|4407
2026-04-15 19:00|4800.24|4804.28|4795.54|4802.21|4561
2026-04-15 19:15|4802.22|4807.13|4799.61|4804.84|4348
2026-04-15 19:30|4804.89|4808.71|4802.60|4806.04|4380
2026-04-15 19:45|4806.03|4814.99|4804.33|4812.51|5134
2026-04-15 20:00|4812.50|4814.22|4806.94|4813.78|4629
2026-04-15 20:15|4813.97|4816.26|4810.15|4812.60|4689
2026-04-15 20:30|4812.46|4816.23|4810.37|4811.85|4572
2026-04-15 20:45|4811.85|4815.55|4808.24|4811.74|4448
2026-04-15 21:00|4811.72|4816.52|4808.45|4814.07|6289
2026-04-15 21:15|4813.90|4821.96|4810.13|4821.91|5498
2026-04-15 21:30|4822.00|4825.56|4815.66|4820.62|6775
2026-04-15 21:45|4820.60|4830.24|4819.84|4829.03|6198
2026-04-15 22:00|4828.98|4829.75|4820.39|4828.58|5949
2026-04-15 22:15|4828.53|4830.49|4822.21|4825.40|5909
2026-04-15 22:30|4825.44|4825.80|4815.66|4819.42|5884
2026-04-15 22:45|4819.26|4819.61|4813.50|4815.68|5693
2026-04-15 23:00|4815.69|4816.23|4800.03|4810.35|6011
2026-04-15 23:15|4810.10|4810.86|4797.59|4798.13|5678
2026-04-15 23:30|4797.82|4806.52|4786.81|4803.75|5910
2026-04-15 23:45|4803.64|4807.62|4799.36|4801.75|5191
2026-04-16 00:00|4801.71|4810.49|4800.51|4808.29|4721
2026-04-16 00:15|4808.31|4812.74|4805.09|4811.08|4755
2026-04-16 00:30|4811.14|4811.96|4802.90|4804.61|4847
2026-04-16 00:45|4804.60|4807.39|4800.13|4803.93|5386
2026-04-16 01:00|4804.07|4805.10|4797.96|4798.11|4677
2026-04-16 01:15|4798.30|4808.74|4798.28|4801.98|4698
2026-04-16 01:30|4801.88|4802.82|4792.06|4793.67|5223
2026-04-16 01:45|4793.66|4795.84|4790.70|4792.51|4475
2026-04-16 02:00|4792.69|4800.82|4790.12|4797.13|5662
2026-04-16 02:15|4797.10|4798.80|4792.70|4794.83|4599
2026-04-16 02:30|4795.17|4798.47|4794.47|4796.88|4246
2026-04-16 02:45|4796.89|4802.03|4796.75|4799.87|4185
2026-04-16 03:00|4799.95|4803.45|4798.05|4798.63|4366
2026-04-16 03:15|4798.62|4803.20|4797.64|4803.03|3915
2026-04-16 03:30|4802.95|4803.09|4795.32|4797.08|4252
2026-04-16 03:45|4797.15|4801.68|4794.41|4795.67|5095
2026-04-16 04:00|4795.91|4796.70|4792.62|4793.75|3344
2026-04-16 04:15|4793.74|4796.03|4793.26|4793.72|2393
2026-04-16 04:30|4793.67|4793.67|4789.98|4790.59|2499
2026-04-16 04:45|4790.60|4793.16|4787.86|4790.67|3140
2026-04-16 06:00|4796.79|4799.47|4790.83|4792.07|3239
2026-04-16 06:15|4792.08|4802.30|4791.99|4801.26|3587
2026-04-16 06:30|4801.37|4803.54|4799.02|4801.17|2662
2026-04-16 06:45|4801.41|4812.09|4801.17|4807.50|3276
2026-04-16 07:00|4807.46|4813.29|4807.40|4812.72|3000
2026-04-16 07:15|4812.73|4815.97|4812.27|4814.90|2756
2026-04-16 07:30|4815.10|4824.25|4814.43|4823.26|3556
2026-04-16 07:45|4823.21|4826.78|4821.95|4823.54|3662
2026-04-16 08:00|4823.70|4831.33|4823.70|4829.90|3974
2026-04-16 08:15|4829.89|4830.99|4822.23|4824.65|3958
2026-04-16 08:30|4824.65|4837.43|4820.66|4832.70|3993
2026-04-16 08:45|4832.46|4837.44|4830.70|4833.25|3873
2026-04-16 09:00|4833.20|4836.42|4828.45|4829.82|5485
2026-04-16 09:15|4829.58|4830.26|4822.68|4823.75|4666
2026-04-16 09:30|4823.70|4825.64|4811.44|4815.73|5312
2026-04-16 09:45|4815.95|4822.22|4815.26|4817.81|4748
2026-04-16 10:00|4817.89|4825.05|4817.33|4821.28|4760
2026-04-16 10:15|4821.04|4823.57|4818.89|4818.93|3543
2026-04-16 10:30|4818.95|4821.53|4812.35|4817.07|4938
2026-04-16 10:45|4817.26|4821.04|4815.35|4819.58|4273
2026-04-16 11:00|4819.59|4827.23|4819.01|4826.70|3940
2026-04-16 11:15|4826.73|4826.82|4822.50|4823.73|3191
2026-04-16 11:30|4823.76|4826.02|4818.72|4820.59|3247
2026-04-16 11:45|4820.62|4826.69|4820.62|4824.09|2313
2026-04-16 12:00|4824.26|4827.32|4822.70|4827.00|2742
2026-04-16 12:15|4827.09|4829.99|4825.68|4826.58|2799
2026-04-16 12:30|4826.58|4831.37|4824.66|4830.64|2538
2026-04-16 12:45|4830.67|4833.46|4829.45|4833.19|2571
2026-04-16 13:00|4833.20|4838.31|4832.64|4834.34|3962
2026-04-16 13:15|4834.10|4836.33|4831.52|4833.10|3363
2026-04-16 13:30|4833.06|4833.93|4824.49|4825.36|5172
2026-04-16 13:45|4825.32|4829.35|4820.96|4821.41|4572
2026-04-16 14:00|4821.39|4827.74|4821.26|4822.93|4485
2026-04-16 14:15|4822.92|4825.06|4814.90|4816.39|4891
2026-04-16 14:30|4816.15|4824.92|4814.74|4824.33|5185
2026-04-16 14:45|4824.32|4830.48|4822.40|4826.16|5261
2026-04-16 15:00|4826.17|4831.07|4823.04|4824.92|4821
2026-04-16 15:15|4824.95|4829.47|4817.07|4828.07|4664
2026-04-16 15:30|4828.09|4830.23|4824.60|4827.39|3750
2026-04-16 15:45|4827.40|4828.18|4819.27|4821.13|3750
2026-04-16 16:00|4821.54|4821.96|4807.19|4811.85|4890
2026-04-16 16:15|4811.84|4814.98|4809.49|4811.42|4352
2026-04-16 16:30|4811.41|4813.65|4806.78|4812.20|4204
2026-04-16 16:45|4812.19|4814.54|4808.54|4813.67|3779
2026-04-16 17:00|4813.61|4818.04|4811.69|4816.13|3657
2026-04-16 17:15|4816.15|4817.07|4811.31|4813.03|3583
2026-04-16 17:30|4812.77|4814.93|4806.90|4814.86|3969
2026-04-16 17:45|4814.85|4815.34|4810.02|4813.00|4279
2026-04-16 18:00|4813.00|4815.64|4806.95|4807.12|3901
2026-04-16 18:15|4807.11|4810.21|4805.03|4806.97|3668
2026-04-16 18:30|4806.96|4812.30|4805.06|4808.21|3675
2026-04-16 18:45|4808.15|4817.27|4806.63|4817.14|4015
2026-04-16 19:00|4817.47|4820.78|4816.29|4817.51|4100
2026-04-16 19:15|4817.60|4820.17|4815.50|4816.09|3566
2026-04-16 19:30|4816.13|4819.99|4815.84|4817.75|3724
2026-04-16 19:45|4817.74|4822.56|4816.26|4822.12|3940
2026-04-16 20:00|4822.22|4823.22|4811.73|4817.44|4601
2026-04-16 20:15|4817.47|4818.63|4813.93|4815.13|4063
2026-04-16 20:30|4815.10|4820.76|4811.88|4817.03|4686
2026-04-16 20:45|4816.97|4818.98|4813.93|4816.09|4062
2026-04-16 21:00|4816.39|4822.79|4814.17|4817.58|5232
2026-04-16 21:15|4817.47|4821.14|4815.25|4815.71|4660
2026-04-16 21:30|4815.78|4823.92|4812.82|4816.40|6453
2026-04-16 21:45|4816.38|4819.68|4784.80|4794.80|6847
2026-04-16 22:00|4794.39|4805.46|4785.23|4800.77|6794
2026-04-16 22:15|4801.01|4802.91|4790.82|4799.21|6362
2026-04-16 22:30|4799.50|4800.77|4773.00|4787.48|6394
2026-04-16 22:45|4787.17|4793.58|4785.64|4788.68|6403
2026-04-16 23:00|4788.29|4813.04|4788.17|4806.77|6003
2026-04-16 23:15|4806.87|4809.69|4801.57|4801.57|5276
2026-04-16 23:30|4801.45|4811.02|4798.19|4802.97|5896
2026-04-16 23:45|4802.95|4808.51|4800.78|4807.09|5134
2026-04-17 00:00|4807.02|4810.07|4803.17|4804.88|4706
2026-04-17 00:15|4804.89|4806.02|4796.61|4799.35|4757
2026-04-17 00:30|4799.16|4799.98|4786.57|4790.16|6077
2026-04-17 00:45|4789.99|4793.69|4785.21|4792.14|5409
2026-04-17 01:00|4792.21|4795.49|4789.94|4791.55|5147
2026-04-17 01:15|4791.58|4794.08|4784.61|4784.79|5537
2026-04-17 01:30|4785.38|4789.47|4781.23|4786.96|5092
2026-04-17 01:45|4786.98|4790.86|4782.60|4789.34|5033
2026-04-17 02:00|4789.35|4794.28|4785.67|4790.08|5951
2026-04-17 02:15|4789.99|4793.15|4786.79|4787.18|5186
2026-04-17 02:30|4787.29|4791.40|4786.62|4790.36|4629
2026-04-17 02:45|4790.34|4792.73|4788.16|4789.77|4222
2026-04-17 03:00|4790.04|4795.21|4789.51|4789.97|4390
2026-04-17 03:15|4789.98|4794.01|4789.98|4790.92|4099
2026-04-17 03:30|4790.94|4798.01|4790.60|4797.50|4354
2026-04-17 03:45|4797.83|4798.72|4792.30|4793.78|4488
2026-04-17 04:00|4793.79|4793.92|4789.88|4790.43|3010
2026-04-17 04:15|4790.35|4791.76|4788.37|4789.04|2385
2026-04-17 04:30|4789.01|4790.45|4786.52|4788.51|2335
2026-04-17 04:45|4788.65|4790.98|4787.72|4790.97|2496
2026-04-17 06:00|4794.96|4797.85|4791.55|4795.22|3305
2026-04-17 06:15|4795.61|4796.26|4792.45|4793.83|2289
2026-04-17 06:30|4793.90|4796.34|4790.47|4795.46|2704
2026-04-17 06:45|4795.51|4796.87|4794.61|4795.20|2463
2026-04-17 07:00|4795.23|4795.67|4792.18|4792.81|2389
2026-04-17 07:15|4792.81|4797.93|4792.34|4794.46|2443
2026-04-17 07:30|4794.45|4796.38|4792.21|4795.63|2240
2026-04-17 07:45|4795.57|4796.59|4791.55|4791.59|2868
2026-04-17 08:00|4791.41|4791.93|4785.75|4790.07|4051
2026-04-17 08:15|4790.06|4793.07|4787.45|4793.02|3806
2026-04-17 08:30|4792.78|4798.55|4792.45|4798.43|3411
2026-04-17 08:45|4798.57|4801.21|4793.79|4794.96|3039
2026-04-17 09:00|4794.88|4795.14|4769.04|4778.64|5832
2026-04-17 09:15|4778.60|4785.11|4767.70|4768.88|5550
2026-04-17 09:30|4769.03|4777.93|4767.51|4777.57|5487
2026-04-17 09:45|4777.58|4791.37|4775.33|4789.42|4855
2026-04-17 10:00|4789.37|4794.22|4788.18|4791.17|4129
2026-04-17 10:15|4791.28|4792.04|4788.33|4789.11|3040
2026-04-17 10:30|4789.14|4794.74|4788.52|4791.55|4219
2026-04-17 10:45|4791.31|4793.36|4784.37|4784.71|3904
2026-04-17 11:00|4784.73|4797.42|4784.66|4795.86|4936
2026-04-17 11:15|4795.84|4798.07|4792.83|4793.95|4027
2026-04-17 11:30|4793.87|4795.16|4792.02|4794.19|3001
2026-04-17 11:45|4794.20|4796.86|4792.81|4793.45|2724
2026-04-17 12:00|4793.29|4796.26|4792.56|4795.21|2824
2026-04-17 12:15|4795.20|4796.17|4793.66|4796.09|2768
2026-04-17 12:30|4796.07|4801.40|4795.34|4800.84|2863
2026-04-17 12:45|4800.88|4804.57|4798.33|4803.13|3055
2026-04-17 13:00|4803.08|4806.28|4799.66|4805.10|3898
2026-04-17 13:15|4805.08|4805.35|4801.54|4803.64|3112
2026-04-17 13:30|4803.68|4805.24|4795.69|4796.50|4640
2026-04-17 13:45|4796.64|4800.45|4793.54|4794.04|4805
2026-04-17 14:00|4794.20|4795.34|4786.79|4787.79|4783
2026-04-17 14:15|4787.78|4789.98|4783.32|4783.94|4451
2026-04-17 14:30|4783.91|4787.20|4779.19|4785.41|4684
2026-04-17 14:45|4785.43|4787.18|4783.83|4785.13|4130
2026-04-17 15:00|4785.12|4790.95|4784.22|4787.38|4300
2026-04-17 15:15|4787.50|4793.07|4784.69|4791.63|3886
2026-04-17 15:30|4791.62|4794.81|4782.40|4786.05|3944
2026-04-17 15:45|4786.11|4786.33|4778.65|4784.52|4062
2026-04-17 16:00|4784.44|4791.18|4780.75|4783.51|4056
2026-04-17 16:15|4783.28|4787.28|4782.62|4784.62|3647
2026-04-17 16:30|4784.63|4797.03|4784.32|4797.03|3794
2026-04-17 16:45|4797.00|4797.00|4790.97|4796.09|3847
2026-04-17 17:00|4796.08|4801.00|4792.85|4793.22|3880
2026-04-17 17:15|4793.03|4798.45|4792.02|4795.91|3807
2026-04-17 17:30|4795.94|4799.10|4794.05|4794.78|3685
2026-04-17 17:45|4794.81|4795.13|4789.83|4790.25|3634
2026-04-17 18:00|4790.37|4791.98|4787.11|4791.50|3726
2026-04-17 18:15|4791.49|4794.14|4788.78|4789.64|3377
2026-04-17 18:30|4789.43|4789.98|4782.22|4785.06|3587
2026-04-17 18:45|4785.12|4788.25|4782.40|4787.24|3833
2026-04-17 19:00|4787.35|4789.82|4783.45|4786.42|3621
2026-04-17 19:15|4786.45|4793.44|4784.52|4792.87|3406
2026-04-17 19:30|4792.85|4798.62|4789.72|4798.51|3673
2026-04-17 19:45|4798.50|4811.53|4798.50|4799.12|4848
2026-04-17 20:00|4799.42|4805.51|4797.54|4803.78|4187
2026-04-17 20:15|4803.89|4819.65|4803.16|4817.03|4900
2026-04-17 20:30|4818.01|4825.29|4815.32|4823.34|5585
2026-04-17 20:45|4823.33|4847.79|4821.69|4846.78|6965
2026-04-17 21:00|4846.47|4889.44|4834.96|4883.32|7078
2026-04-17 21:15|4883.25|4883.94|4850.27|4851.74|7084
2026-04-17 21:30|4851.60|4873.70|4848.60|4864.27|7243
2026-04-17 21:45|4864.59|4882.03|4851.98|4880.48|6831
2026-04-17 22:00|4880.49|4885.38|4860.82|4866.67|6796
2026-04-17 22:15|4867.21|4880.56|4865.62|4871.58|6385
2026-04-17 22:30|4871.55|4883.21|4869.38|4877.33|6261
2026-04-17 22:45|4877.34|4881.18|4869.74|4873.13|6223
2026-04-17 23:00|4873.11|4880.47|4862.04|4866.93|6535
2026-04-17 23:15|4867.80|4874.68|4863.10|4865.87|6148
2026-04-17 23:30|4866.05|4874.15|4854.70|4858.83|5719
2026-04-17 23:45|4858.87|4871.96|4858.08|4867.39|5468
2026-04-18 00:00|4867.45|4873.46|4863.53|4871.75|5227
2026-04-18 00:15|4871.85|4873.43|4867.55|4867.62|4889
2026-04-18 00:30|4867.63|4873.12|4867.51|4868.45|4682
2026-04-18 00:45|4868.26|4869.09|4864.93|4867.15|4487
2026-04-18 01:00|4867.19|4869.50|4857.69|4862.89|5364
2026-04-18 01:15|4863.02|4865.08|4853.99|4858.70|5740
2026-04-18 01:30|4858.45|4863.11|4854.12|4855.19|5539
2026-04-18 01:45|4855.05|4863.49|4855.00|4862.55|4702
2026-04-18 02:00|4862.65|4866.66|4860.33|4861.32|4951
2026-04-18 02:15|4861.28|4867.96|4858.88|4860.79|5000
2026-04-18 02:30|4860.88|4866.83|4860.40|4862.31|4872
2026-04-18 02:45|4862.16|4863.19|4855.86|4858.22|5122
2026-04-18 03:00|4858.24|4859.00|4853.85|4856.69|4673
2026-04-18 03:15|4856.59|4858.13|4854.12|4856.91|4117
2026-04-18 03:30|4856.88|4861.39|4855.86|4860.40|4854
2026-04-18 03:45|4859.82|4860.25|4852.69|4854.71|5356
2026-04-18 04:00|4854.62|4855.22|4844.48|4845.97|4700
2026-04-18 04:15|4846.00|4852.00|4844.55|4845.98|3874
2026-04-18 04:30|4845.98|4847.06|4833.95|4835.58|4395
2026-04-18 04:45|4835.37|4837.56|4831.21|4834.06|3678

### M5 | XAUUSD_M5_last300 | 300 bars
时间(BJT)|开|高|低|收|量
2026-04-17 02:55|4790.39|4790.87|4788.16|4789.77|1450
2026-04-17 03:00|4790.04|4795.21|4789.68|4792.50|1449
2026-04-17 03:05|4792.54|4794.46|4791.58|4793.47|1483
2026-04-17 03:10|4793.56|4793.93|4789.51|4789.97|1458
2026-04-17 03:15|4789.98|4793.67|4789.98|4793.00|1460
2026-04-17 03:20|4793.09|4794.01|4791.35|4792.59|1310
2026-04-17 03:25|4792.46|4792.94|4790.66|4790.92|1329
2026-04-17 03:30|4790.94|4793.85|4790.88|4791.96|1471
2026-04-17 03:35|4791.88|4793.55|4790.60|4793.46|1414
2026-04-17 03:40|4793.50|4798.01|4793.18|4797.50|1469
2026-04-17 03:45|4797.83|4798.72|4793.62|4794.15|1265
2026-04-17 03:50|4794.14|4795.17|4792.30|4794.83|1549
2026-04-17 03:55|4795.26|4796.00|4792.37|4793.78|1674
2026-04-17 04:00|4793.79|4793.92|4791.76|4792.38|1181
2026-04-17 04:05|4792.25|4792.41|4789.88|4790.70|1061
2026-04-17 04:10|4790.89|4791.44|4790.25|4790.43|768
2026-04-17 04:15|4790.35|4791.76|4790.09|4791.52|656
2026-04-17 04:20|4791.54|4791.54|4788.41|4788.55|935
2026-04-17 04:25|4788.55|4789.59|4788.37|4789.04|794
2026-04-17 04:30|4789.01|4789.77|4786.52|4786.88|734
2026-04-17 04:35|4786.86|4790.45|4786.86|4789.44|789
2026-04-17 04:40|4789.68|4789.68|4788.05|4788.51|812
2026-04-17 04:45|4788.65|4790.72|4788.65|4790.28|880
2026-04-17 04:50|4790.29|4790.29|4787.72|4789.15|923
2026-04-17 04:55|4789.21|4790.98|4788.68|4790.97|693
2026-04-17 06:00|4794.96|4796.38|4791.55|4794.45|1134
2026-04-17 06:05|4795.32|4797.85|4794.27|4796.55|1140
2026-04-17 06:10|4796.45|4796.97|4794.83|4795.22|1031
2026-04-17 06:15|4795.61|4796.26|4792.50|4792.86|953
2026-04-17 06:20|4792.89|4793.74|4792.45|4793.62|606
2026-04-17 06:25|4793.67|4795.47|4793.52|4793.83|730
2026-04-17 06:30|4793.90|4795.16|4790.47|4794.86|991
2026-04-17 06:35|4794.83|4796.34|4793.69|4793.72|923
2026-04-17 06:40|4793.71|4796.09|4793.47|4795.46|790
2026-04-17 06:45|4795.51|4796.87|4794.61|4795.49|745
2026-04-17 06:50|4795.22|4796.71|4794.87|4796.29|851
2026-04-17 06:55|4796.27|4796.87|4795.18|4795.20|867
2026-04-17 07:00|4795.23|4795.23|4792.62|4794.07|888
2026-04-17 07:05|4794.04|4795.67|4793.37|4794.00|823
2026-04-17 07:10|4793.99|4794.51|4792.18|4792.81|678
2026-04-17 07:15|4792.81|4796.68|4792.34|4796.42|813
2026-04-17 07:20|4795.84|4797.93|4795.40|4796.57|818
2026-04-17 07:25|4796.61|4796.97|4793.96|4794.46|812
2026-04-17 07:30|4794.45|4795.89|4792.21|4795.03|820
2026-04-17 07:35|4794.80|4796.00|4794.54|4794.91|675
2026-04-17 07:40|4794.92|4796.38|4794.64|4795.63|745
2026-04-17 07:45|4795.57|4796.59|4793.22|4793.83|953
2026-04-17 07:50|4794.07|4795.86|4793.34|4794.04|862
2026-04-17 07:55|4793.94|4794.54|4791.55|4791.59|1053
2026-04-17 08:00|4791.41|4791.65|4787.70|4788.44|1324
2026-04-17 08:05|4788.40|4791.20|4785.75|4790.39|1347
2026-04-17 08:10|4790.63|4791.93|4787.57|4790.07|1380
2026-04-17 08:15|4790.06|4792.23|4787.45|4791.46|1345
2026-04-17 08:20|4791.28|4791.94|4789.48|4789.56|1284
2026-04-17 08:25|4789.41|4793.07|4789.27|4793.02|1177
2026-04-17 08:30|4792.78|4798.34|4792.45|4796.46|1242
2026-04-17 08:35|4796.51|4797.25|4794.93|4796.33|1148
2026-04-17 08:40|4796.34|4798.55|4794.60|4798.43|1021
2026-04-17 08:45|4798.57|4801.21|4798.06|4799.41|1068
2026-04-17 08:50|4799.40|4799.44|4794.58|4795.01|903
2026-04-17 08:55|4795.03|4796.03|4793.79|4794.96|1068
2026-04-17 09:00|4794.88|4795.14|4786.87|4789.58|2008
2026-04-17 09:05|4789.57|4790.77|4782.91|4783.09|1729
2026-04-17 09:10|4783.13|4784.60|4769.04|4778.64|2095
2026-04-17 09:15|4778.60|4785.11|4778.52|4782.54|1778
2026-04-17 09:20|4782.78|4783.78|4771.57|4774.38|1828
2026-04-17 09:25|4774.48|4777.04|4767.70|4768.88|1944
2026-04-17 09:30|4769.03|4776.03|4767.51|4774.00|1903
2026-04-17 09:35|4774.01|4777.65|4773.61|4773.91|1756
2026-04-17 09:40|4773.92|4777.93|4771.80|4777.57|1828
2026-04-17 09:45|4777.58|4779.56|4775.33|4778.67|1574
2026-04-17 09:50|4778.68|4787.08|4777.87|4786.72|1681
2026-04-17 09:55|4786.71|4791.37|4786.28|4789.42|1600
2026-04-17 10:00|4789.37|4792.61|4788.36|4791.92|1398
2026-04-17 10:05|4791.95|4794.22|4789.44|4789.78|1458
2026-04-17 10:10|4789.77|4791.43|4788.18|4791.17|1273
2026-04-17 10:15|4791.28|4792.04|4788.33|4789.22|898
2026-04-17 10:20|4789.22|4791.94|4788.51|4789.65|1042
2026-04-17 10:25|4789.89|4791.19|4788.80|4789.11|1100
2026-04-17 10:30|4789.14|4793.34|4788.52|4791.48|1434
2026-04-17 10:35|4791.56|4794.68|4790.18|4792.93|1420
2026-04-17 10:40|4792.96|4794.74|4791.23|4791.55|1365
2026-04-17 10:45|4791.31|4793.36|4789.51|4789.51|1381
2026-04-17 10:50|4789.51|4790.06|4788.11|4788.11|1102
2026-04-17 10:55|4788.06|4789.03|4784.37|4784.71|1421
2026-04-17 11:00|4784.73|4792.01|4784.66|4791.91|1598
2026-04-17 11:05|4791.94|4797.42|4791.68|4795.30|1782
2026-04-17 11:10|4795.31|4796.58|4792.58|4795.86|1556
2026-04-17 11:15|4795.84|4798.07|4794.22|4797.08|1401
2026-04-17 11:20|4797.04|4797.62|4794.61|4795.95|1300
2026-04-17 11:25|4795.94|4796.02|4792.83|4793.95|1326
2026-04-17 11:30|4793.87|4795.16|4792.90|4794.01|1012
2026-04-17 11:35|4794.03|4794.41|4792.02|4792.81|935
2026-04-17 11:40|4792.82|4795.14|4792.25|4794.19|1054
2026-04-17 11:45|4794.20|4796.35|4794.11|4796.35|957
2026-04-17 11:50|4796.37|4796.86|4793.81|4794.08|945
2026-04-17 11:55|4794.09|4794.46|4792.81|4793.45|822
2026-04-17 12:00|4793.29|4794.54|4792.56|4794.43|920
2026-04-17 12:05|4794.19|4795.48|4793.28|4793.98|1033
2026-04-17 12:10|4793.93|4796.26|4793.63|4795.21|871
2026-04-17 12:15|4795.20|4796.13|4793.66|4795.59|1011
2026-04-17 12:20|4795.58|4796.03|4793.74|4795.20|968
2026-04-17 12:25|4795.21|4796.17|4794.22|4796.09|789
2026-04-17 12:30|4796.07|4797.43|4795.34|4796.96|890
2026-04-17 12:35|4797.20|4799.59|4796.99|4799.31|1021
2026-04-17 12:40|4799.27|4801.40|4798.81|4800.84|952
2026-04-17 12:45|4800.88|4801.17|4798.33|4798.89|952
2026-04-17 12:50|4798.65|4801.02|4798.45|4799.39|1053
2026-04-17 12:55|4799.40|4804.57|4798.88|4803.13|1050
2026-04-17 13:00|4803.08|4805.51|4800.11|4800.98|1446
2026-04-17 13:05|4800.99|4805.44|4799.66|4804.70|1241
2026-04-17 13:10|4804.46|4806.28|4803.96|4805.10|1211
2026-04-17 13:15|4805.08|4805.13|4801.54|4803.39|1179
2026-04-17 13:20|4803.63|4805.35|4802.55|4804.63|1060
2026-04-17 13:25|4804.61|4805.21|4802.75|4803.64|873
2026-04-17 13:30|4803.68|4805.24|4797.93|4798.58|1644
2026-04-17 13:35|4798.34|4802.82|4798.05|4799.28|1488
2026-04-17 13:40|4799.27|4801.28|4795.69|4796.50|1508
2026-04-17 13:45|4796.64|4798.37|4794.58|4797.47|1587
2026-04-17 13:50|4797.27|4800.45|4796.45|4797.15|1624
2026-04-17 13:55|4797.14|4798.08|4793.54|4794.04|1594
2026-04-17 14:00|4794.20|4794.50|4789.81|4793.72|1664
2026-04-17 14:05|4793.48|4795.34|4789.96|4790.62|1511
2026-04-17 14:10|4790.39|4791.43|4786.79|4787.79|1608
2026-04-17 14:15|4787.78|4789.98|4784.90|4785.59|1544
2026-04-17 14:20|4785.82|4788.18|4784.44|4787.64|1487
2026-04-17 14:25|4787.65|4788.67|4783.32|4783.94|1420
2026-04-17 14:30|4783.91|4785.96|4781.47|4782.81|1625
2026-04-17 14:35|4782.83|4786.38|4779.19|4785.92|1642
2026-04-17 14:40|4785.68|4787.20|4784.53|4785.41|1417
2026-04-17 14:45|4785.43|4786.53|4783.83|4785.58|1316
2026-04-17 14:50|4785.59|4787.18|4784.06|4785.02|1447
2026-04-17 14:55|4784.80|4786.98|4784.32|4785.13|1367
2026-04-17 15:00|4785.12|4789.01|4784.22|4788.96|1475
2026-04-17 15:05|4789.03|4790.95|4787.42|4789.42|1462
2026-04-17 15:10|4789.41|4789.81|4786.76|4787.38|1363
2026-04-17 15:15|4787.50|4789.78|4784.69|4789.02|1303
2026-04-17 15:20|4789.38|4790.05|4785.18|4788.91|1286
2026-04-17 15:25|4789.07|4793.07|4788.93|4791.63|1297
2026-04-17 15:30|4791.62|4794.81|4790.42|4794.33|1240
2026-04-17 15:35|4794.38|4794.38|4786.11|4786.84|1299
2026-04-17 15:40|4786.63|4787.80|4782.40|4786.05|1405
2026-04-17 15:45|4786.11|4786.33|4780.03|4780.03|1410
2026-04-17 15:50|4780.25|4785.70|4778.65|4785.33|1461
2026-04-17 15:55|4785.32|4785.53|4783.21|4784.52|1191
2026-04-17 16:00|4784.44|4790.67|4784.44|4790.63|1396
2026-04-17 16:05|4790.64|4791.18|4783.27|4784.32|1363
2026-04-17 16:10|4784.50|4785.51|4780.75|4783.51|1297
2026-04-17 16:15|4783.28|4785.54|4782.62|4785.32|1245
2026-04-17 16:20|4785.28|4787.28|4783.28|4784.18|1165
2026-04-17 16:25|4784.33|4785.97|4783.02|4784.62|1237
2026-04-17 16:30|4784.63|4788.55|4784.32|4786.52|1175
2026-04-17 16:35|4786.54|4789.66|4785.74|4789.38|1131
2026-04-17 16:40|4789.42|4797.03|4788.21|4797.03|1488
2026-04-17 16:45|4797.00|4797.00|4791.70|4793.47|1319
2026-04-17 16:50|4793.45|4795.01|4790.97|4793.64|1202
2026-04-17 16:55|4793.65|4796.36|4792.25|4796.09|1326
2026-04-17 17:00|4796.08|4801.00|4795.76|4799.08|1396
2026-04-17 17:05|4799.14|4799.14|4794.61|4796.00|1370
2026-04-17 17:10|4795.98|4796.15|4792.85|4793.22|1114
2026-04-17 17:15|4793.03|4794.85|4792.02|4794.85|1162
2026-04-17 17:20|4795.78|4798.29|4794.54|4794.54|1356
2026-04-17 17:25|4794.55|4798.45|4794.55|4795.91|1289
2026-04-17 17:30|4795.94|4797.24|4794.45|4796.97|1268
2026-04-17 17:35|4796.99|4799.10|4794.93|4795.41|1251
2026-04-17 17:40|4795.44|4796.67|4794.05|4794.78|1166
2026-04-17 17:45|4794.81|4795.13|4790.56|4792.12|1244
2026-04-17 17:50|4792.10|4792.80|4790.93|4791.90|1221
2026-04-17 17:55|4791.93|4792.50|4789.83|4790.25|1169
2026-04-17 18:00|4790.37|4791.98|4788.89|4791.24|1286
2026-04-17 18:05|4791.01|4791.64|4788.65|4789.18|1166
2026-04-17 18:10|4789.22|4791.92|4787.11|4791.50|1274
2026-04-17 18:15|4791.49|4794.14|4790.58|4791.57|1218
2026-04-17 18:20|4791.60|4793.84|4790.91|4792.52|1037
2026-04-17 18:25|4792.51|4792.87|4788.78|4789.64|1122
2026-04-17 18:30|4789.43|4789.98|4786.18|4788.00|1205
2026-04-17 18:35|4787.99|4789.10|4785.39|4785.51|1136
2026-04-17 18:40|4785.52|4785.93|4782.22|4785.06|1246
2026-04-17 18:45|4785.12|4787.79|4783.88|4787.75|1208
2026-04-17 18:50|4787.69|4788.25|4782.40|4786.28|1378
2026-04-17 18:55|4786.20|4787.84|4784.08|4787.24|1247
2026-04-17 19:00|4787.35|4789.82|4783.45|4785.36|1371
2026-04-17 19:05|4785.35|4787.30|4783.80|4787.11|1174
2026-04-17 19:10|4787.30|4788.27|4785.59|4786.42|1076
2026-04-17 19:15|4786.45|4787.21|4784.52|4785.74|1076
2026-04-17 19:20|4785.48|4791.10|4784.94|4790.62|1153
2026-04-17 19:25|4790.60|4793.44|4790.20|4792.87|1177
2026-04-17 19:30|4792.85|4793.93|4789.72|4793.45|1250
2026-04-17 19:35|4793.21|4794.54|4790.55|4792.69|1198
2026-04-17 19:40|4792.68|4798.62|4792.26|4798.51|1225
2026-04-17 19:45|4798.50|4811.53|4798.50|4805.87|1790
2026-04-17 19:50|4805.21|4806.95|4801.34|4801.35|1560
2026-04-17 19:55|4801.22|4801.86|4798.69|4799.12|1498
2026-04-17 20:00|4799.42|4805.51|4797.54|4803.94|1522
2026-04-17 20:05|4803.92|4805.29|4802.17|4804.06|1315
2026-04-17 20:10|4804.07|4804.77|4800.82|4803.78|1350
2026-04-17 20:15|4803.89|4806.02|4803.16|4806.00|1231
2026-04-17 20:20|4806.28|4812.45|4804.41|4812.36|1517
2026-04-17 20:25|4812.45|4819.65|4811.61|4817.03|2152
2026-04-17 20:30|4818.01|4822.15|4815.32|4817.42|1945
2026-04-17 20:35|4817.70|4823.57|4817.41|4822.64|1823
2026-04-17 20:40|4822.67|4825.29|4821.40|4823.34|1817
2026-04-17 20:45|4823.33|4842.60|4821.69|4836.68|2263
2026-04-17 20:50|4836.57|4845.30|4833.26|4843.13|2424
2026-04-17 20:55|4843.42|4847.79|4839.55|4846.78|2278
2026-04-17 21:00|4846.47|4847.35|4834.96|4844.18|2375
2026-04-17 21:05|4844.41|4863.39|4841.01|4862.60|2319
2026-04-17 21:10|4862.45|4889.44|4861.93|4883.32|2384
2026-04-17 21:15|4883.25|4883.94|4862.61|4864.06|2352
2026-04-17 21:20|4864.15|4864.28|4851.36|4861.30|2334
2026-04-17 21:25|4860.43|4864.14|4850.27|4851.74|2398
2026-04-17 21:30|4851.60|4856.98|4848.60|4855.48|2468
2026-04-17 21:35|4855.39|4869.20|4855.17|4867.71|2362
2026-04-17 21:40|4867.73|4873.70|4863.37|4864.27|2413
2026-04-17 21:45|4864.59|4867.70|4851.98|4865.27|2326
2026-04-17 21:50|4865.17|4878.97|4862.69|4877.46|2244
2026-04-17 21:55|4877.65|4882.03|4875.25|4880.48|2261
2026-04-17 22:00|4880.49|4885.38|4875.06|4875.74|2327
2026-04-17 22:05|4875.70|4877.85|4869.02|4872.14|2220
2026-04-17 22:10|4872.06|4872.55|4860.82|4866.67|2249
2026-04-17 22:15|4867.21|4873.90|4867.19|4870.79|2107
2026-04-17 22:20|4870.71|4879.67|4865.62|4878.43|2163
2026-04-17 22:25|4878.52|4880.56|4871.21|4871.58|2115
2026-04-17 22:30|4871.55|4878.16|4869.38|4877.86|2042
2026-04-17 22:35|4877.53|4880.51|4871.34|4875.52|2004
2026-04-17 22:40|4875.57|4883.21|4874.68|4877.33|2215
2026-04-17 22:45|4877.34|4881.18|4873.68|4880.08|2081
2026-04-17 22:50|4879.68|4879.76|4869.74|4876.43|2104
2026-04-17 22:55|4876.62|4877.86|4872.58|4873.13|2038
2026-04-17 23:00|4873.11|4873.76|4862.04|4868.03|2255
2026-04-17 23:05|4868.25|4880.47|4867.92|4872.66|2213
2026-04-17 23:10|4872.36|4873.42|4866.01|4866.93|2067
2026-04-17 23:15|4867.80|4874.68|4863.74|4864.99|2094
2026-04-17 23:20|4864.96|4873.19|4863.10|4870.37|2036
2026-04-17 23:25|4870.25|4871.29|4865.50|4865.87|2018
2026-04-17 23:30|4866.05|4874.15|4864.78|4874.15|1960
2026-04-17 23:35|4873.93|4873.93|4868.30|4869.86|1750
2026-04-17 23:40|4869.86|4870.46|4854.70|4858.83|2009
2026-04-17 23:45|4858.87|4864.47|4858.08|4863.73|1939
2026-04-17 23:50|4863.45|4870.18|4863.45|4869.11|1872
2026-04-17 23:55|4869.09|4871.96|4866.68|4867.39|1657
2026-04-18 00:00|4867.45|4870.55|4863.53|4867.23|1775
2026-04-18 00:05|4866.88|4873.46|4865.66|4871.55|1861
2026-04-18 00:10|4871.36|4873.22|4870.37|4871.75|1591
2026-04-18 00:15|4871.85|4873.43|4869.96|4870.72|1711
2026-04-18 00:20|4870.77|4873.07|4870.08|4870.60|1660
2026-04-18 00:25|4870.61|4871.54|4867.55|4867.62|1518
2026-04-18 00:30|4867.63|4871.89|4867.63|4871.54|1672
2026-04-18 00:35|4871.63|4873.12|4870.14|4871.49|1605
2026-04-18 00:40|4871.52|4872.51|4867.51|4868.45|1405
2026-04-18 00:45|4868.26|4869.09|4865.20|4866.31|1490
2026-04-18 00:50|4866.33|4867.78|4864.93|4866.32|1536
2026-04-18 00:55|4866.36|4867.56|4865.33|4867.15|1461
2026-04-18 01:00|4867.19|4869.50|4865.01|4866.86|1688
2026-04-18 01:05|4866.56|4868.41|4857.97|4861.35|1740
2026-04-18 01:10|4861.41|4864.26|4857.69|4862.89|1936
2026-04-18 01:15|4863.02|4865.08|4862.32|4863.27|1590
2026-04-18 01:20|4863.08|4863.85|4854.07|4854.44|1895
2026-04-18 01:25|4854.61|4859.11|4853.99|4858.70|2255
2026-04-18 01:30|4858.45|4863.11|4857.13|4861.88|1952
2026-04-18 01:35|4861.87|4862.33|4855.59|4857.53|1923
2026-04-18 01:40|4857.68|4858.71|4854.12|4855.19|1664
2026-04-18 01:45|4855.05|4861.16|4855.00|4860.32|1697
2026-04-18 01:50|4860.32|4862.84|4859.83|4861.86|1478
2026-04-18 01:55|4861.88|4863.49|4861.09|4862.55|1527
2026-04-18 02:00|4862.65|4864.77|4861.74|4862.41|1493
2026-04-18 02:05|4862.37|4866.66|4861.87|4863.56|1705
2026-04-18 02:10|4863.55|4863.94|4860.33|4861.32|1753
2026-04-18 02:15|4861.28|4864.41|4860.91|4861.70|1468
2026-04-18 02:20|4861.66|4865.95|4858.88|4865.22|1668
2026-04-18 02:25|4865.30|4867.96|4860.79|4860.79|1864
2026-04-18 02:30|4860.88|4866.83|4860.55|4865.78|1714
2026-04-18 02:35|4865.92|4866.21|4861.96|4863.04|1543
2026-04-18 02:40|4862.93|4863.63|4860.40|4862.31|1615
2026-04-18 02:45|4862.16|4863.19|4860.00|4860.59|1582
2026-04-18 02:50|4860.71|4861.27|4855.86|4856.92|1854
2026-04-18 02:55|4856.83|4859.74|4855.98|4858.22|1686
2026-04-18 03:00|4858.24|4859.00|4855.53|4858.30|1576
2026-04-18 03:05|4858.10|4858.31|4854.47|4854.80|1612
2026-04-18 03:10|4855.03|4857.37|4853.85|4856.69|1485
2026-04-18 03:15|4856.59|4858.13|4855.68|4855.69|1375
2026-04-18 03:20|4855.94|4857.72|4854.12|4855.20|1382
2026-04-18 03:25|4855.25|4856.93|4854.46|4856.91|1360
2026-04-18 03:30|4856.88|4858.73|4855.86|4857.87|1488
2026-04-18 03:35|4857.59|4860.90|4856.04|4860.03|1699
2026-04-18 03:40|4860.02|4861.39|4858.19|4860.40|1667
2026-04-18 03:45|4859.82|4860.25|4857.50|4858.80|1699
2026-04-18 03:50|4859.23|4859.45|4854.70|4855.25|1642
2026-04-18 03:55|4855.39|4855.39|4852.69|4854.71|2015
2026-04-18 04:00|4854.62|4855.22|4849.74|4850.12|1630
2026-04-18 04:05|4850.11|4851.00|4845.79|4847.28|1552
2026-04-18 04:10|4847.29|4847.85|4844.48|4845.97|1518
2026-04-18 04:15|4846.00|4852.00|4845.09|4851.63|1419
2026-04-18 04:20|4851.55|4851.63|4848.26|4848.35|1305
2026-04-18 04:25|4848.37|4848.57|4844.55|4845.98|1150
2026-04-18 04:30|4845.98|4847.06|4844.66|4846.31|1118
2026-04-18 04:35|4846.32|4846.32|4840.48|4842.18|1422
2026-04-18 04:40|4842.19|4842.35|4833.95|4835.58|1855
2026-04-18 04:45|4835.37|4837.56|4832.95|4833.32|1770
2026-04-18 04:50|4833.34|4835.64|4831.21|4834.06|1908

