XAUUSD W1 | 938 bars | 2026-04-08 01:51 BJT
时间(BJT)|开|高|低|收
1998-04-20|310.30|315.20|310.00|312.90
1998-04-27|312.25|313.65|301.10|302.50
1998-05-04|302.45|306.00|296.60|300.10
1998-05-11|299.55|303.90|295.10|301.50
1998-05-18|301.00|302.20|297.00|300.10
1998-05-25|298.85|300.10|290.40|293.20
1998-06-01|292.75|294.65|286.75|291.90
1998-06-08|290.95|299.30|284.50|286.25
1998-06-15|285.25|300.50|283.70|299.00
1998-06-22|299.29|299.80|291.90|294.10
1998-06-29|292.90|298.70|291.90|295.10
1998-07-06|293.85|296.15|289.50|291.10
1998-07-13|289.60|295.70|288.00|294.75
1998-07-20|293.45|296.10|290.20|291.70
1998-07-27|291.10|292.40|285.70|286.70
1998-08-03|286.20|290.35|282.50|286.90
1998-08-10|286.10|287.70|282.00|284.30
1998-08-17|284.20|287.30|282.20|285.05
1998-08-24|283.90|285.55|270.75|274.60
1998-08-31|273.90|287.70|273.80|287.10
1998-09-07|286.50|297.30|282.90|294.00
1998-09-14|292.45|293.60|286.35|291.70
1998-09-21|290.40|300.30|287.05|294.40
1998-09-28|293.15|303.80|291.60|300.80
1998-10-05|300.10|305.20|293.80|297.00
1998-10-12|296.75|301.30|294.40|300.20
1998-10-19|299.80|300.30|291.20|293.10
1998-10-26|291.85|295.00|290.60|292.80
1998-11-02|292.60|295.10|287.60|293.40
1998-11-09|292.40|298.00|289.50|296.20
1998-11-16|295.50|298.65|293.25|296.40
1998-11-23|295.90|297.70|294.90|296.55
1998-11-30|295.80|296.80|291.20|292.70
1998-12-07|291.80|297.60|289.30|291.10
1998-12-14|291.45|296.70|288.40|289.30
1998-12-21|289.50|291.10|285.00|286.50
1998-12-28|285.60|289.00|285.50|288.50
1999-01-04|288.30|292.60|285.90|291.60
1999-01-11|290.90|293.75|284.40|286.70
1999-01-18|285.90|289.00|285.05|286.60
1999-01-25|286.20|288.70|281.40|286.40
1999-02-01|286.40|290.70|286.00|288.80
1999-02-08|288.40|290.80|286.20|289.80
1999-02-15|289.15|290.95|284.20|288.60
1999-02-22|287.60|288.90|285.10|287.30
1999-03-01|286.50|289.60|285.10|288.20
1999-03-08|287.80|294.65|287.70|292.10
1999-03-15|291.90|292.45|281.40|284.50
1999-03-22|283.70|285.80|278.70|280.00
1999-03-29|279.85|281.45|278.10|280.70
1999-04-05|279.60|282.50|277.00|281.80
1999-04-12|281.65|285.40|280.50|284.50
1999-04-19|283.30|285.65|282.35|283.80
1999-04-26|283.15|288.10|280.05|286.80
1999-05-03|286.20|290.20|279.05|283.00
1999-05-10|282.10|282.60|275.10|276.20
1999-05-17|275.50|277.15|271.85|273.20
1999-05-24|271.75|273.80|267.40|270.50
1999-05-31|269.90|271.65|263.25|265.50
1999-06-07|264.40|267.90|256.90|260.90
1999-06-14|259.00|263.65|257.75|259.80
1999-06-21|258.80|261.90|257.70|259.70
1999-06-28|259.35|263.90|258.80|263.00
1999-07-05|262.80|263.75|255.25|257.40
1999-07-12|256.50|257.55|252.45|254.10
1999-07-19|253.75|257.40|252.05|255.00
1999-07-26|255.40|257.50|252.60|256.20
1999-08-02|255.65|258.85|253.60|255.70
1999-08-09|255.70|261.95|255.15|260.90
1999-08-16|260.10|262.50|257.10|257.60
1999-08-23|256.85|258.15|251.70|254.00
1999-08-30|253.25|256.70|253.05|254.50
1999-09-06|254.00|257.85|253.95|256.80
1999-09-13|256.25|258.20|254.50|255.00
1999-09-20|254.50|271.75|254.15|269.00
1999-09-27|268.50|327.80|268.50|310.30
1999-10-04|307.00|342.00|307.00|322.20
1999-10-11|319.00|326.60|310.50|316.40
1999-10-18|313.38|320.00|300.10|303.90
1999-10-25|301.30|304.00|285.75|300.20
1999-11-01|294.50|299.00|286.00|291.60
1999-11-08|286.75|299.75|286.40|291.80
1999-11-15|290.75|297.38|288.60|295.50
1999-11-22|293.85|300.40|293.40|297.62
1999-11-29|296.20|298.65|278.88|280.30
1999-12-06|278.40|286.50|274.00|279.20
1999-12-13|278.40|286.38|278.00|284.30
1999-12-20|283.30|291.00|281.88|287.75
1999-12-27|287.12|292.20|286.50|289.00
2000-01-03|287.50|291.50|278.70|282.00
2000-01-10|281.15|285.68|280.25|284.60
2000-01-17|283.80|290.25|282.40|289.50
2000-01-24|287.00|291.50|280.30|282.75
2000-01-31|281.60|315.80|281.50|310.80
2000-02-07|313.00|327.00|294.80|311.15
2000-02-14|310.35|316.75|297.00|305.75
2000-02-21|303.40|307.50|291.10|294.50
2000-02-28|291.25|295.35|286.88|289.00
2000-03-06|288.00|294.70|287.00|289.50
2000-03-13|290.00|292.65|282.40|285.10
2000-03-20|282.80|292.15|282.35|285.50
2000-03-27|284.50|285.85|274.00|279.40
2000-04-03|278.50|289.25|275.30|280.70
2000-04-10|280.10|287.00|278.55|283.10
2000-04-17|284.25|285.80|278.30|280.50
2000-04-24|279.50|281.40|272.60|273.60
2000-05-01|275.00|283.30|272.10|279.20
2000-05-08|278.70|281.20|275.00|276.40
2000-05-15|276.20|278.00|271.50|274.50
2000-05-22|273.85|277.65|268.70|272.80
2000-05-29|272.20|283.20|271.00|281.40
2000-06-05|280.80|291.65|277.60|284.35
2000-06-12|282.75|294.62|282.65|289.50
2000-06-19|288.90|290.90|282.20|283.40
2000-06-26|282.90|293.60|281.55|289.30
2000-07-03|288.60|290.60|281.60|284.00
2000-07-10|283.40|285.90|279.00|281.30
2000-07-17|280.20|284.65|277.05|280.60
2000-07-24|280.25|282.15|277.30|278.90
2000-07-31|278.00|279.60|271.70|273.50
2000-08-07|272.50|276.05|270.80|275.40
2000-08-14|274.50|279.40|272.60|277.15
2000-08-21|276.45|277.80|270.00|274.50
2000-08-28|273.40|279.10|272.10|277.00
2000-09-04|276.70|278.35|271.00|273.40
2000-09-11|272.70|276.05|270.60|272.70
2000-09-18|271.80|276.50|268.25|272.40
2000-09-25|271.90|279.95|271.55|274.50
2000-10-02|274.10|275.05|268.40|269.90
2000-10-09|269.15|278.10|268.25|272.90
2000-10-16|272.65|275.70|268.90|271.80
2000-10-23|270.90|272.65|261.85|264.72
2000-10-30|264.42|267.30|262.85|265.40
2000-11-06|265.45|267.30|263.00|265.00
2000-11-13|264.75|268.85|263.65|266.00
2000-11-20|266.00|268.45|265.00|266.10
2000-11-27|265.70|273.50|265.25|269.60
2000-12-04|269.50|276.40|269.10|273.00
2000-12-11|272.50|273.75|267.80|270.70
2000-12-18|270.30|275.95|268.75|274.20
2000-12-25|273.54|276.65|270.65|272.50
2001-01-01|272.45|274.00|266.00|268.40
2001-01-08|267.85|270.40|263.00|264.57
2001-01-15|264.10|267.25|262.36|265.00
2001-01-22|264.50|269.75|261.70|263.55
2001-01-29|262.90|269.45|262.05|267.80
2001-02-05|267.20|268.05|258.80|260.90
2001-02-12|260.40|262.60|253.50|259.20
2001-02-19|258.60|262.40|255.65|261.80
2001-02-26|261.30|270.12|261.25|263.10
2001-03-05|262.50|273.05|259.50|272.00
2001-03-12|271.90|275.60|257.95|259.30
2001-03-19|259.10|264.60|258.25|262.60
2001-03-26|261.90|264.00|256.75|258.20
2001-04-02|257.80|261.25|254.20|260.30
2001-04-09|259.80|261.75|256.05|259.50
2001-04-16|259.00|266.10|257.95|264.90
2001-04-23|264.15|267.45|261.35|263.90
2001-04-30|263.30|268.05|262.65|266.40
2001-05-07|266.15|271.25|264.05|268.30
2001-05-14|267.90|287.30|266.00|287.30
2001-05-21|285.75|299.00|274.57|277.90
2001-05-28|277.40|280.00|264.40|267.30
2001-06-04|266.50|275.50|264.25|274.00
2001-06-11|273.00|277.40|266.10|271.80
2001-06-18|271.00|276.20|270.60|272.90
2001-06-25|272.30|279.55|267.30|271.10
2001-07-02|270.60|272.50|264.15|266.50
2001-07-09|266.50|270.35|265.10|267.60
2001-07-16|266.95|272.35|266.25|270.30
2001-07-23|270.15|270.80|265.00|267.80
2001-07-30|267.60|269.55|264.00|268.80
2001-08-06|268.50|277.55|265.75|274.80
2001-08-13|273.50|281.70|273.00|279.50
2001-08-20|279.00|280.05|271.55|273.10
2001-08-27|272.25|276.75|270.15|274.70
2001-09-03|274.45|275.25|270.70|273.40
2001-09-10|273.00|296.00|270.45|285.80
2001-09-17|288.00|296.10|283.75|291.70
2001-09-24|290.50|294.65|286.50|293.45
2001-10-01|292.00|293.70|288.10|291.20
2001-10-08|290.75|294.62|279.70|284.70
2001-10-15|284.20|286.25|277.20|279.90
2001-10-22|279.40|280.00|273.95|277.60
2001-10-29|277.10|282.50|276.65|280.20
2001-11-05|279.70|281.60|276.00|277.95
2001-11-12|277.20|282.50|273.45|275.10
2001-11-19|274.60|276.25|271.70|273.15
2001-11-26|272.80|276.55|272.00|274.65
2001-12-03|274.15|278.70|273.10|274.80
2001-12-10|274.30|279.95|270.95|278.70
2001-12-17|277.35|281.75|274.00|278.40
2001-12-24|277.70|281.25|275.55|276.80
2001-12-31|275.90|280.75|275.65|279.20
2002-01-07|278.40|290.00|276.90|287.80
2002-01-14|286.60|290.00|282.45|283.80
2002-01-21|283.30|284.55|277.35|279.20
2002-01-28|279.20|287.70|276.60|286.50
2002-02-04|285.25|309.30|284.90|304.00
2002-02-11|303.50|305.80|295.10|298.10
2002-02-18|298.50|299.88|289.55|293.00
2002-02-25|292.75|300.12|290.40|298.40
2002-03-04|297.60|300.62|287.40|290.00
2002-03-11|289.35|295.40|288.85|290.30
2002-03-18|289.80|298.38|289.50|298.00
2002-03-25|297.40|305.27|295.35|302.75
2002-04-01|301.75|307.45|297.75|300.30
2002-04-08|299.85|303.75|296.75|301.90
2002-04-15|301.90|306.60|297.15|302.60
2002-04-22|302.00|312.50|301.35|311.60
2002-04-29|310.75|313.85|306.35|312.20
2002-05-06|311.50|314.40|307.55|311.30
2002-05-13|310.60|312.65|305.95|311.30
2002-05-20|310.60|324.48|309.75|320.80
2002-05-27|320.30|330.25|319.50|326.80
2002-06-03|326.30|332.15|319.75|324.20
2002-06-10|324.60|325.60|315.45|319.60
2002-06-17|319.10|325.60|316.25|324.90
2002-06-24|324.40|327.30|309.90|314.70
2002-07-01|313.70|316.40|310.00|311.80
2002-07-08|311.20|318.50|309.90|316.30
2002-07-15|315.70|326.40|315.50|324.20
2002-07-22|323.70|326.23|300.50|304.00
2002-07-29|304.20|308.50|298.45|307.40
2002-08-05|307.10|316.05|303.70|314.80
2002-08-12|314.30|318.50|310.80|314.20
2002-08-19|313.70|316.40|303.95|307.30
2002-08-26|306.70|315.30|306.20|313.00
2002-09-02|312.50|322.10|310.90|320.50
2002-09-09|319.90|324.60|314.40|317.10
2002-09-16|316.90|324.50|313.50|322.15
2002-09-23|322.15|328.30|318.50|319.95
2002-09-30|320.25|325.50|319.00|322.25
2002-10-07|322.25|323.70|315.90|316.75
2002-10-14|318.45|319.10|310.22|312.85
2002-10-21|312.75|314.60|308.50|313.05
2002-10-28|313.27|321.80|312.50|318.75
2002-11-04|320.35|323.50|316.50|321.05
2002-11-11|321.55|325.40|316.50|320.55
2002-11-18|320.55|322.50|316.30|321.05
2002-11-25|320.15|321.50|315.62|318.15
2002-12-02|318.47|329.60|315.70|326.25
2002-12-09|326.57|336.00|322.30|330.55
2002-12-16|333.15|354.72|331.90|340.25
2002-12-23|340.76|351.51|340.45|349.25
2002-12-30|349.17|353.50|341.10|351.25
2003-01-06|349.85|357.75|344.45|354.75
2003-01-13|354.75|359.20|345.51|356.55
2003-01-20|356.55|370.50|353.05|368.35
2003-01-27|373.97|374.22|362.40|368.15
2003-02-03|368.15|389.25|366.75|369.75
2003-02-10|369.75|373.36|346.75|351.55
2003-02-17|351.00|355.05|341.00|351.90
2003-02-24|351.75|360.65|344.75|349.95
2003-03-03|349.50|358.60|344.70|350.75
2003-03-10|352.22|355.47|331.45|336.35
2003-03-17|339.45|345.65|325.49|326.05
2003-03-24|328.13|334.70|325.88|332.45
2003-03-31|332.61|339.15|321.88|325.38
2003-04-07|321.72|329.55|318.88|328.05
2003-04-14|326.13|328.50|321.88|327.25
2003-04-21|327.13|336.66|326.30|333.25
2003-04-28|333.34|344.00|327.13|340.95
2003-05-05|341.72|349.95|339.15|348.55
2003-05-12|348.80|357.50|348.05|354.75
2003-05-19|357.00|373.65|356.40|368.75
2003-05-26|368.00|375.02|358.30|364.85
2003-06-02|363.25|370.30|359.36|363.85
2003-06-09|362.75|367.45|350.70|356.95
2003-06-16|356.85|366.10|354.80|356.45
2003-06-23|356.45|358.70|342.60|345.45
2003-06-30|345.55|354.20|344.10|351.05
2003-07-07|351.75|353.00|341.80|344.75
2003-07-14|345.25|350.10|340.30|347.35
2003-07-21|346.75|365.40|346.50|362.95
2003-07-28|362.80|368.80|344.80|346.60
2003-08-04|348.80|358.70|346.10|356.80
2003-08-11|356.50|368.30|355.10|363.50
2003-08-18|363.50|367.80|356.00|363.10
2003-08-25|363.30|378.60|358.50|375.30
2003-09-01|375.00|380.00|369.10|377.10
2003-09-08|377.30|384.00|373.00|375.00
2003-09-15|375.30|384.30|371.10|381.80
2003-09-22|381.00|394.50|378.80|380.60
2003-09-29|381.10|388.80|366.50|369.30
2003-10-06|369.80|378.80|367.60|373.10
2003-10-13|373.10|377.60|366.00|371.30
2003-10-20|371.30|392.80|369.00|388.60
2003-10-27|387.60|392.10|379.30|384.00
2003-11-03|384.60|386.10|375.30|383.30
2003-11-10|382.80|399.50|381.60|397.80
2003-11-17|397.30|401.60|385.30|395.80
2003-11-24|395.80|401.10|389.10|397.80
2003-12-01|397.50|407.60|396.30|406.10
2003-12-08|406.10|412.70|402.10|408.80
2003-12-15|409.10|413.80|401.30|409.10
2003-12-22|409.00|414.80|407.10|412.26
2003-12-29|412.30|418.60|410.80|416.10
2004-01-05|414.80|431.10|414.30|425.70
2004-01-12|427.20|430.10|404.50|406.30
2004-01-19|407.85|414.30|406.00|407.50
2004-01-26|407.50|416.00|395.80|401.60
2004-02-02|402.60|410.10|394.10|403.00
2004-02-09|402.90|418.20|402.00|409.60
2004-02-16|412.50|417.80|393.80|397.00
2004-02-23|397.00|405.80|390.30|396.00
2004-03-01|395.00|404.00|387.60|401.00
2004-03-08|400.90|406.50|394.00|394.90
2004-03-15|395.50|414.70|395.00|412.00
2004-03-22|411.90|424.30|410.30|421.30
2004-03-29|421.50|431.60|415.60|420.90
2004-04-05|421.00|424.30|413.00|420.80
2004-04-12|420.50|422.60|394.80|400.50
2004-04-19|400.40|406.30|388.70|394.80
2004-04-26|395.10|400.10|377.20|386.70
2004-05-03|386.80|395.50|376.90|378.50
2004-05-10|378.60|384.80|370.50|376.60
2004-05-17|376.70|387.80|374.30|384.50
2004-05-24|384.10|397.30|382.30|393.30
2004-05-31|393.30|399.30|384.80|389.60
2004-06-07|390.25|395.80|381.60|384.30
2004-06-14|384.30|396.80|381.10|394.80
2004-06-21|394.10|403.80|392.10|401.60
2004-06-28|402.30|405.60|390.30|398.30
2004-07-05|397.89|409.60|388.50|407.60
2004-07-12|407.30|409.30|399.80|406.10
2004-07-19|406.50|408.30|386.80|390.10
2004-07-26|390.00|394.10|385.10|390.60
2004-08-02|390.80|401.30|388.60|399.80
2004-08-09|399.10|401.60|391.80|398.60
2004-08-16|398.30|414.80|397.60|412.70
2004-08-23|413.00|413.60|400.80|402.80
2004-08-30|402.30|411.80|398.60|400.30
2004-09-06|400.10|403.30|394.30|402.30
2004-09-13|401.60|407.60|398.10|405.50
2004-09-20|405.30|412.60|402.80|407.10
2004-09-27|409.30|420.30|406.60|419.50
2004-10-04|418.80|424.30|411.30|422.80
2004-10-11|422.60|424.00|409.10|418.80
2004-10-18|418.10|426.80|414.30|424.20
2004-10-25|424.60|431.20|420.30|428.10
2004-11-01|429.10|434.60|416.80|433.10
2004-11-08|433.10|439.50|430.70|437.80
2004-11-15|437.80|448.80|434.80|447.10
2004-11-22|446.60|455.80|445.50|451.80
2004-11-29|452.00|457.30|446.60|455.30
2004-12-06|455.30|456.80|431.50|434.20
2004-12-13|433.70|443.30|433.70|441.50
2004-12-20|441.30|444.60|438.30|442.10
2004-12-27|443.10|446.10|433.10|437.79
2005-01-03|438.30|438.80|416.50|418.60
2005-01-10|419.60|428.30|418.30|422.60
2005-01-17|423.00|428.80|419.60|427.20
2005-01-24|426.10|428.60|420.30|426.50
2005-01-31|425.80|427.10|413.30|414.70
2005-02-07|414.20|422.60|409.80|420.30
2005-02-14|420.00|429.10|420.00|427.30
2005-02-21|426.79|437.30|425.79|434.80
2005-02-28|434.30|438.70|428.30|433.80
2005-03-07|433.80|447.60|431.80|444.30
2005-03-14|444.30|446.00|435.50|438.80
2005-03-21|438.60|440.20|423.50|425.00
2005-03-28|424.30|429.50|423.10|425.60
2005-04-04|425.80|429.00|421.80|426.60
2005-04-11|426.70|430.60|421.70|424.30
2005-04-18|424.70|436.20|422.80|434.20
2005-04-25|434.30|438.20|429.80|434.50
2005-05-02|434.60|435.10|423.20|425.80
2005-05-09|425.70|429.00|418.20|419.80
2005-05-16|419.30|423.80|416.30|417.10
2005-05-23|417.10|420.80|415.30|420.10
2005-05-30|420.00|425.30|413.30|422.30
2005-06-06|422.10|428.80|420.60|426.60
2005-06-13|426.60|439.80|423.50|437.10
2005-06-20|437.60|444.20|433.60|439.80
2005-06-27|439.30|440.80|426.30|426.80
2005-07-04|427.70|429.30|421.30|423.10
2005-07-11|422.60|428.30|417.80|421.10
2005-07-18|421.30|427.50|418.50|425.00
2005-07-25|424.60|431.30|421.50|429.30
2005-08-01|429.80|439.80|428.60|436.80
2005-08-08|437.20|449.10|432.60|445.70
2005-08-15|445.70|446.50|435.60|435.80
2005-08-22|436.00|440.30|435.30|437.20
2005-08-29|438.10|446.80|429.00|443.80
2005-09-05|444.10|449.30|442.30|448.30
2005-09-12|448.20|459.80|444.50|459.30
2005-09-19|458.80|475.00|458.20|462.80
2005-09-26|463.30|474.10|457.60|468.80
2005-10-03|467.30|475.60|462.80|474.30
2005-10-10|474.10|480.00|465.30|469.20
2005-10-17|469.00|475.00|459.50|466.30
2005-10-24|465.80|475.50|462.80|472.10
2005-10-31|472.20|472.80|454.80|456.30
2005-11-07|456.50|469.60|455.80|468.20
2005-11-14|468.30|488.60|466.10|484.80
2005-11-21|485.00|496.79|484.30|495.70
2005-11-28|498.10|506.30|490.30|502.80
2005-12-05|503.60|530.20|503.50|525.70
2005-12-12|526.00|540.50|492.80|502.70
2005-12-19|501.80|508.80|489.30|502.30
2005-12-26|502.50|517.10|501.89|516.00
2006-01-02|516.70|539.70|516.20|539.20
2006-01-09|539.00|557.20|534.70|556.70
2006-01-16|555.70|567.60|539.50|554.00
2006-01-23|553.00|566.10|549.00|559.00
2006-01-30|556.60|574.70|556.60|567.15
2006-02-06|567.00|573.20|544.70|550.50
2006-02-13|549.00|554.00|534.60|551.60
2006-02-20|552.20|559.50|547.00|558.50
2006-02-27|558.60|570.70|551.70|564.70
2006-03-06|565.20|568.00|533.70|540.50
2006-03-13|540.20|557.10|538.20|553.60
2006-03-20|553.70|560.70|544.70|559.60
2006-03-27|559.50|589.10|558.20|583.50
2006-04-03|582.35|597.70|581.20|588.20
2006-04-10|588.60|603.70|588.00|597.90
2006-04-17|605.50|645.20|603.20|633.50
2006-04-24|638.50|655.50|618.20|653.70
2006-05-01|654.10|684.20|650.70|683.20
2006-05-08|682.20|729.70|670.50|714.20
2006-05-15|714.30|719.70|650.60|657.20
2006-05-22|657.70|674.50|635.60|651.20
2006-05-29|653.50|664.70|618.70|637.70
2006-06-05|638.00|645.10|600.60|607.10
2006-06-12|606.70|611.20|543.20|580.60
2006-06-19|580.10|594.70|560.70|582.50
2006-06-26|584.20|616.00|576.60|615.20
2006-07-03|617.00|637.00|614.10|628.70
2006-07-10|629.50|667.20|620.20|663.60
2006-07-17|667.50|676.00|615.50|619.20
2006-07-24|620.10|640.20|602.10|634.20
2006-07-31|636.00|655.50|629.00|646.00
2006-08-07|644.00|654.60|626.20|632.00
2006-08-14|632.70|632.70|607.00|614.20
2006-08-21|614.70|630.10|613.20|622.00
2006-08-28|622.60|627.50|607.20|624.70
2006-09-04|624.50|640.20|606.20|610.20
2006-09-11|603.20|610.10|570.30|579.00
2006-09-18|582.60|592.20|571.80|589.10
2006-09-25|589.50|606.50|581.70|597.70
2006-10-02|598.00|603.60|559.20|573.20
2006-10-09|574.10|589.80|568.70|589.60
2006-10-16|591.20|602.00|585.60|591.10
2006-10-23|591.20|599.70|572.30|599.30
2006-10-30|598.30|629.00|597.60|626.80
2006-11-06|626.00|636.20|612.70|628.10
2006-11-13|628.00|632.20|614.20|621.20
2006-11-20|620.20|639.70|619.80|637.70
2006-11-27|639.50|649.60|632.50|644.80
2006-12-04|645.50|648.20|622.70|624.60
2006-12-11|623.80|630.70|614.10|614.70
2006-12-18|615.20|624.20|611.10|619.30
2006-12-25|624.00|635.70|622.80|635.60
2007-01-01|638.20|644.70|601.50|606.70
2007-01-08|608.20|627.20|603.30|626.50
2007-01-15|626.30|636.20|619.70|634.70
2007-01-22|635.50|654.20|631.60|645.50
2007-01-29|645.30|661.00|640.70|647.20
2007-02-05|647.60|668.60|645.70|666.20
2007-02-12|667.30|671.50|659.60|668.50
2007-02-19|669.10|688.00|655.30|682.00
2007-02-26|681.10|688.10|639.10|642.00
2007-03-05|644.10|657.70|632.20|648.70
2007-03-12|650.10|655.10|636.50|652.70
2007-03-19|653.00|666.30|651.70|656.90
2007-03-26|656.20|669.00|655.00|663.20
2007-04-02|663.10|675.30|655.90|673.90
2007-04-09|673.60|685.40|670.30|684.60
2007-04-16|685.50|693.20|678.70|691.30
2007-04-23|691.60|693.30|670.40|680.90
2007-04-30|680.80|690.20|667.20|688.30
2007-05-07|687.90|690.40|664.00|670.50
2007-05-14|670.30|674.70|653.30|661.20
2007-05-21|661.30|664.90|651.50|655.50
2007-05-28|655.30|671.30|651.60|671.20
2007-06-04|671.10|673.60|643.60|648.20
2007-06-11|648.80|655.50|642.70|654.80
2007-06-18|654.50|661.80|647.50|653.60
2007-06-25|653.90|654.20|638.30|649.10
2007-07-02|650.20|658.30|645.00|655.30
2007-07-09|655.20|668.80|653.30|666.40
2007-07-16|666.10|686.40|662.30|682.70
2007-07-23|682.80|687.50|656.50|660.60
2007-07-30|660.70|675.10|658.80|672.50
2007-08-06|672.60|676.40|657.70|672.40
2007-08-13|671.40|672.70|641.60|657.20
2007-08-20|656.40|668.60|652.70|668.00
2007-08-27|667.70|674.50|660.70|672.80
2007-09-03|672.70|706.60|671.00|700.20
2007-09-10|700.30|717.00|698.70|707.00
2007-09-17|707.20|739.10|706.00|730.80
2007-09-24|731.00|745.40|721.60|742.90
2007-10-01|742.80|747.40|720.30|742.20
2007-10-08|740.40|753.40|726.30|749.30
2007-10-15|749.20|771.40|747.30|764.80
2007-10-22|766.20|785.50|745.00|784.70
2007-10-29|787.00|807.60|776.50|806.30
2007-11-05|807.40|845.40|800.60|831.60
2007-11-12|829.70|831.20|782.20|785.70
2007-11-19|787.10|825.20|772.50|823.30
2007-11-26|823.70|836.60|778.70|782.70
2007-12-03|783.80|806.50|776.80|794.40
2007-12-10|795.40|816.90|787.40|794.40
2007-12-17|793.00|812.00|784.80|811.20
2007-12-24|811.10|839.40|807.90|839.10
2007-12-31|838.00|869.00|828.50|859.20
2008-01-07|859.50|897.80|854.80|894.90
2008-01-14|897.00|914.00|869.80|882.70
2008-01-21|882.10|923.30|849.60|913.50
2008-01-28|911.70|936.70|903.50|905.00
2008-02-04|904.80|922.40|883.90|922.10
2008-02-11|919.20|926.70|895.80|902.00
2008-02-18|902.10|953.40|899.90|944.70
2008-02-25|945.20|975.80|926.00|973.50
2008-03-03|974.30|992.50|956.10|972.50
2008-03-10|975.90|1006.70|960.60|1002.50
2008-03-17|1003.90|1032.20|904.40|917.70
2008-03-24|912.60|954.70|906.10|931.20
2008-03-31|931.10|940.50|871.80|913.40
2008-04-07|912.50|939.30|902.70|924.70
2008-04-14|920.00|952.40|904.40|916.20
2008-04-21|916.90|928.40|877.50|885.80
2008-04-28|887.50|895.40|844.90|855.90
2008-05-05|858.00|889.30|857.40|884.30
2008-05-12|883.50|904.40|859.60|902.10
2008-05-19|902.50|934.90|900.50|924.50
2008-05-26|924.80|930.50|870.40|886.30
2008-06-02|887.90|901.90|864.60|901.80
2008-06-09|902.30|908.80|857.10|871.00
2008-06-16|870.00|908.30|866.30|901.60
2008-06-23|901.70|930.40|873.20|927.30
2008-06-30|928.40|946.20|918.20|933.60
2008-07-07|932.00|967.40|912.40|963.70
2008-07-14|965.80|988.00|949.50|954.50
2008-07-21|956.50|975.70|916.50|929.10
2008-07-28|928.00|932.90|893.60|910.30
2008-08-04|910.80|915.10|850.50|856.20
2008-08-11|855.70|865.60|772.60|787.10
2008-08-18|790.50|838.80|781.90|822.70
2008-08-25|824.60|843.70|806.60|830.70
2008-09-01|834.60|836.10|789.10|803.30
2008-09-08|813.50|817.80|735.90|764.90
2008-09-15|775.30|909.70|764.20|872.80
2008-09-22|872.40|911.20|861.70|877.80
2008-09-29|872.00|923.90|819.00|835.30
2008-10-06|833.00|931.10|825.40|849.60
2008-10-13|845.80|871.90|772.40|782.80
2008-10-20|782.90|809.70|681.40|733.20
2008-10-27|735.00|777.20|706.60|723.70
2008-11-03|726.70|768.60|721.40|735.80
2008-11-10|738.10|767.90|699.70|741.20
2008-11-17|740.90|801.30|730.60|800.00
2008-11-24|801.80|830.50|785.90|817.50
2008-12-01|818.50|818.50|741.10|755.70
2008-12-08|754.30|834.30|754.30|821.30
2008-12-15|824.20|881.50|822.10|837.50
2008-12-22|837.70|871.10|829.90|867.00
2008-12-29|876.40|887.80|855.30|874.60
2009-01-05|881.80|884.10|836.20|853.00
2009-01-12|853.50|853.80|801.90|841.70
2009-01-19|843.50|902.70|823.20|898.70
2009-01-26|897.90|929.20|874.20|926.50
2009-02-02|927.60|927.60|888.90|910.70
2009-02-09|910.20|952.20|890.40|941.00
2009-02-16|940.10|1005.90|935.70|992.10
2009-02-23|993.60|997.70|927.50|941.60
2009-03-02|939.00|957.90|899.50|938.60
2009-03-09|936.00|940.30|890.80|929.00
2009-03-16|924.80|966.80|883.00|951.40
2009-03-23|954.60|956.70|916.10|922.40
2009-03-30|923.90|932.60|890.30|892.40
2009-04-06|896.20|896.20|865.10|881.15
2009-04-13|881.25|899.73|864.78|868.25
2009-04-20|868.90|913.73|864.54|912.50
2009-04-27|913.10|918.10|880.03|886.05
2009-05-04|885.70|925.28|885.10|915.90
2009-05-11|915.83|933.98|908.36|931.15
2009-05-18|929.65|960.92|915.82|956.95
2009-05-25|955.88|980.02|941.11|978.57
2009-06-01|978.69|989.63|952.40|954.79
2009-06-08|955.50|965.02|936.23|938.80
2009-06-15|938.70|942.86|925.23|933.48
2009-06-22|934.21|948.15|912.88|939.10
2009-06-29|940.20|945.68|923.54|931.50
2009-07-06|930.90|931.40|904.78|912.58
2009-07-13|912.22|941.78|907.73|937.00
2009-07-20|937.68|957.15|937.02|950.85
2009-07-27|951.27|958.68|925.48|953.50
2009-08-03|952.27|971.46|951.00|954.43
2009-08-10|953.77|960.36|939.88|946.85
2009-08-17|947.26|957.65|930.08|953.40
2009-08-24|952.67|961.39|939.66|954.48
2009-08-31|954.50|997.16|944.43|993.90
2009-09-07|992.60|1011.57|982.57|1004.70
2009-09-14|1005.30|1023.87|992.12|1007.10
2009-09-21|1004.85|1019.67|985.00|990.80
2009-09-28|991.97|1009.59|984.99|1002.40
2009-10-05|1002.58|1061.35|1000.82|1048.85
2009-10-12|1048.89|1070.58|1043.16|1053.20
2009-10-19|1052.38|1067.75|1047.66|1055.00
2009-10-26|1053.78|1059.54|1026.40|1044.96
2009-11-02|1042.26|1100.94|1041.54|1094.70
2009-11-09|1097.48|1122.70|1095.49|1118.28
2009-11-16|1118.87|1152.78|1118.87|1150.20
2009-11-23|1151.07|1194.95|1137.58|1177.28
2009-11-30|1180.95|1226.37|1147.32|1160.82
2009-12-07|1159.43|1168.47|1109.36|1115.10
2009-12-14|1114.20|1141.51|1094.71|1112.98
2009-12-21|1110.28|1119.32|1074.48|1105.15
2009-12-28|1107.70|1113.40|1085.99|1098.30
2019-12-30|1511.56|1553.49|1510.79|1551.51
2020-01-06|1560.08|1611.39|1540.26|1561.91
2020-01-13|1562.00|1562.00|1535.94|1556.96
2020-01-20|1557.13|1575.83|1546.34|1570.95
2020-01-27|1580.72|1590.47|1563.39|1588.96
2020-02-03|1593.24|1593.34|1547.52|1570.11
2020-02-10|1572.07|1584.99|1561.99|1583.83
2020-02-17|1582.22|1649.25|1578.88|1643.80
2020-02-24|1653.37|1689.34|1562.95|1584.77
2020-03-02|1591.60|1692.07|1575.39|1674.30
2020-03-09|1698.06|1703.30|1504.53|1529.69
2020-03-16|1563.99|1575.26|1451.19|1498.56
2020-03-23|1502.61|1644.60|1482.36|1618.15
2020-03-30|1616.38|1633.08|1568.07|1615.59
2020-04-06|1615.01|1690.20|1608.74|1681.97
2020-04-13|1685.51|1747.10|1671.67|1681.43
2020-04-20|1682.51|1738.65|1659.60|1726.48
2020-04-27|1726.05|1727.24|1670.30|1699.48
2020-05-04|1697.64|1723.24|1681.44|1701.70
2020-05-11|1701.06|1751.28|1692.11|1742.52
2020-05-18|1743.85|1765.18|1717.12|1735.45
2020-05-25|1732.00|1737.55|1693.67|1730.36
2020-06-01|1735.02|1745.17|1670.69|1684.38
2020-06-08|1683.26|1744.64|1683.21|1730.37
2020-06-15|1728.22|1745.16|1704.25|1742.26
2020-06-22|1752.99|1779.18|1742.78|1769.59
2020-06-29|1775.39|1789.05|1757.41|1774.88
2020-07-06|1773.39|1817.94|1769.97|1798.43
2020-07-13|1797.26|1815.01|1790.63|1809.57
2020-07-20|1808.53|1906.51|1805.68|1901.56
2020-07-27|1901.35|1983.26|1899.59|1974.84
2020-08-03|1978.45|2075.07|1960.49|2033.74
2020-08-10|2033.74|2049.88|1862.58|1943.57
2020-08-17|1946.50|2015.45|1911.46|1938.96
2020-08-24|1940.15|1976.66|1902.76|1964.30
2020-08-31|1965.46|1992.40|1916.40|1933.04
2020-09-07|1929.83|1966.53|1906.43|1940.28
2020-09-14|1940.41|1973.46|1932.84|1950.46
2020-09-21|1949.44|1955.59|1848.72|1860.05
2020-09-28|1859.00|1917.05|1849.05|1900.56
2020-10-05|1904.80|1930.45|1872.85|1929.84
2020-10-12|1928.73|1933.17|1882.49|1898.71
2020-10-19|1899.66|1931.37|1894.28|1901.47
2020-10-26|1902.62|1911.34|1859.94|1878.32
2020-11-02|1877.00|1960.35|1873.43|1951.83
2020-11-09|1954.97|1965.48|1850.52|1889.29
2020-11-16|1889.86|1899.09|1852.72|1870.93
2020-11-23|1870.60|1876.11|1774.32|1786.82
2020-11-30|1786.12|1848.16|1764.40|1838.56
2020-12-07|1836.85|1875.27|1822.11|1839.77
2020-12-14|1840.69|1896.22|1819.20|1880.61
2020-12-21|1885.55|1906.72|1855.07|1878.59
2020-12-28|1882.38|1900.96|1869.10|1898.26
2021-01-04|1903.24|1959.30|1828.28|1849.04
2021-01-11|1848.09|1863.69|1817.08|1827.65
2021-01-18|1828.30|1875.10|1801.31|1854.68
2021-01-25|1854.01|1875.63|1831.31|1847.40
2021-02-01|1863.14|1871.76|1785.06|1813.36
2021-02-08|1816.59|1855.37|1807.79|1824.12
2021-02-15|1824.67|1827.02|1760.64|1783.05
2021-02-22|1782.19|1816.02|1717.26|1733.89
2021-03-01|1733.46|1759.94|1687.38|1700.75
2021-03-08|1702.51|1739.88|1676.83|1726.87
2021-03-15|1726.41|1755.52|1719.21|1745.09
2021-03-22|1745.55|1746.88|1721.62|1732.69
2021-03-29|1731.23|1733.08|1677.88|1729.83
2021-04-05|1728.34|1758.67|1721.57|1743.46
2021-04-12|1743.35|1783.88|1723.72|1776.75
2021-04-19|1776.34|1797.85|1763.66|1776.39
2021-04-26|1775.59|1789.95|1756.14|1768.89
2021-05-03|1768.42|1843.28|1766.04|1830.80
2021-05-10|1832.70|1846.05|1808.79|1842.51
2021-05-17|1842.38|1889.99|1840.59|1881.67
2021-05-24|1881.29|1912.73|1872.69|1903.13
2021-05-31|1902.31|1916.57|1855.95|1891.48
2021-06-07|1889.91|1903.71|1869.96|1876.08
2021-06-14|1876.46|1877.69|1760.94|1764.27
2021-06-21|1767.92|1794.95|1766.49|1780.84
2021-06-28|1781.31|1795.05|1750.66|1787.52
2021-07-05|1787.50|1818.39|1784.46|1807.84
2021-07-12|1807.53|1834.17|1791.61|1811.30
2021-07-19|1811.29|1825.05|1789.60|1801.89
2021-07-26|1802.15|1832.70|1792.51|1814.28
2021-08-02|1813.42|1831.72|1758.73|1763.15
2021-08-09|1762.54|1779.87|1678.93|1779.65
2021-08-16|1779.74|1795.56|1770.82|1780.94
2021-08-23|1780.49|1819.28|1776.45|1817.72
2021-08-30|1818.28|1833.99|1801.67|1827.48
2021-09-06|1828.04|1828.54|1782.33|1787.71
2021-09-13|1788.28|1808.67|1745.32|1753.83
2021-09-20|1752.93|1787.28|1737.87|1749.71
2021-09-27|1747.95|1764.30|1721.61|1760.10
2021-10-04|1760.38|1781.38|1745.93|1757.07
2021-10-11|1756.83|1800.58|1750.16|1767.31
2021-10-18|1766.46|1813.82|1760.26|1792.57
2021-10-25|1792.59|1810.45|1771.94|1782.83
2021-11-01|1782.23|1818.24|1758.82|1817.83
2021-11-08|1816.69|1868.71|1812.48|1864.14
2021-11-15|1867.72|1877.09|1843.05|1845.58
2021-11-22|1844.62|1849.08|1778.52|1791.40
2021-11-29|1784.53|1808.74|1761.84|1783.80
2021-12-06|1783.71|1793.10|1770.13|1782.76
2021-12-13|1782.06|1814.25|1752.95|1797.96
2021-12-20|1797.95|1810.74|1784.89|1808.43
2021-12-27|1806.98|1830.48|1789.41|1828.62
2022-01-03|1829.00|1831.65|1782.64|1796.22
2022-01-10|1794.93|1829.13|1790.37|1817.45
2022-01-17|1817.14|1847.95|1805.77|1834.37
2022-01-24|1832.66|1853.84|1780.24|1791.56
2022-01-31|1790.58|1814.91|1785.53|1807.78
2022-02-07|1806.64|1865.37|1806.20|1858.78
2022-02-14|1861.34|1902.48|1844.54|1897.21
2022-02-21|1898.83|1974.38|1878.10|1888.12
2022-02-28|1921.35|1970.23|1890.93|1969.83
2022-03-07|1979.59|2070.52|1958.69|1985.29
2022-03-14|1987.70|1989.58|1895.08|1920.81
2022-03-21|1920.61|1966.10|1910.81|1957.26
2022-03-28|1956.55|1960.28|1890.08|1924.46
2022-04-04|1923.86|1948.14|1915.09|1946.59
2022-04-11|1946.18|1981.55|1939.98|1973.30
2022-04-18|1972.48|1998.32|1926.55|1931.19
2022-04-25|1930.22|1934.81|1872.12|1896.34
2022-05-02|1896.63|1909.73|1850.38|1882.32
2022-05-09|1883.10|1886.15|1799.06|1811.11
2022-05-16|1808.76|1849.38|1786.80|1845.86
2022-05-23|1847.79|1869.75|1841.00|1853.00
2022-05-30|1852.81|1874.09|1828.50|1850.25
2022-06-06|1849.80|1875.86|1825.10|1870.66
2022-06-13|1878.10|1878.90|1805.11|1838.51
2022-06-20|1836.81|1847.80|1816.88|1826.75
2022-06-27|1834.79|1841.05|1784.50|1809.82
2022-07-04|1809.70|1814.32|1729.26|1741.56
2022-07-11|1741.11|1745.34|1697.54|1706.95
2022-07-18|1707.17|1739.21|1680.87|1727.03
2022-07-25|1726.56|1767.92|1711.44|1765.81
2022-08-01|1764.74|1794.90|1754.24|1775.08
2022-08-08|1772.68|1807.88|1770.47|1801.69
2022-08-15|1802.24|1802.24|1745.48|1746.84
2022-08-22|1746.83|1765.53|1727.75|1737.73
2022-08-29|1735.96|1745.48|1688.80|1712.10
2022-09-05|1711.76|1729.46|1691.29|1717.36
2022-09-12|1717.26|1735.12|1654.13|1675.23
2022-09-19|1674.50|1688.07|1639.71|1643.39
2022-09-26|1645.23|1675.33|1614.83|1660.85
2022-10-03|1660.66|1729.45|1659.63|1694.83
2022-10-10|1695.55|1699.91|1640.23|1643.77
2022-10-17|1644.12|1668.42|1617.18|1657.69
2022-10-24|1659.53|1674.96|1638.01|1644.29
2022-10-31|1643.22|1681.68|1616.64|1681.10
2022-11-07|1674.96|1772.60|1664.68|1769.99
2022-11-14|1764.42|1786.42|1747.55|1750.20
2022-11-21|1751.15|1761.13|1726.62|1754.32
2022-11-28|1754.39|1804.41|1739.43|1798.68
2022-12-05|1796.34|1809.89|1765.82|1796.88
2022-12-12|1796.47|1824.53|1773.73|1792.91
2022-12-19|1792.85|1823.80|1783.76|1798.15
2022-12-26|1800.55|1833.20|1797.02|1824.32
2023-01-02|1826.72|1869.80|1823.56|1866.45
2023-01-09|1867.51|1921.88|1866.31|1920.56
2023-01-16|1919.38|1937.47|1896.51|1926.79
2023-01-23|1925.89|1949.10|1911.33|1928.50
2023-01-30|1927.87|1959.67|1861.25|1865.71
2023-02-06|1861.75|1890.22|1852.73|1865.29
2023-02-13|1864.73|1870.57|1818.89|1841.88
2023-02-20|1840.68|1847.46|1808.89|1811.14
2023-02-27|1810.76|1856.27|1804.72|1854.65
2023-03-06|1855.24|1870.09|1809.38|1867.33
2023-03-13|1880.85|1987.72|1871.45|1985.84
2023-03-20|1982.74|2009.74|1934.24|1977.67
2023-03-27|1978.35|1987.55|1943.99|1969.29
2023-04-03|1970.43|2032.04|1949.70|2007.01
2023-04-10|1996.07|2048.65|1981.63|2004.54
2023-04-17|1998.50|2015.00|1969.19|1982.65
2023-04-24|1981.08|2009.22|1974.09|1989.67
2023-05-01|1990.74|2075.40|1977.04|2015.80
2023-05-08|2015.96|2048.12|2000.88|2010.71
2023-05-15|2007.52|2022.13|1951.91|1977.58
2023-05-22|1977.43|1985.19|1936.70|1946.48
2023-05-29|1941.70|1983.39|1932.03|1948.23
2023-06-05|1947.58|1972.97|1938.10|1960.44
2023-06-12|1959.79|1970.73|1924.63|1957.34
2023-06-19|1957.48|1958.64|1910.07|1921.43
2023-06-26|1924.71|1933.30|1892.95|1919.13
2023-07-03|1918.72|1935.02|1902.63|1925.10
2023-07-10|1924.53|1963.71|1912.62|1955.32
2023-07-17|1954.68|1987.40|1945.74|1961.87
2023-07-24|1962.41|1982.11|1942.53|1959.00
2023-07-31|1958.87|1972.34|1925.22|1942.70
2023-08-07|1942.21|1946.65|1910.76|1913.83
2023-08-14|1913.67|1916.18|1885.05|1889.60
2023-08-21|1889.80|1923.31|1884.78|1913.94
2023-08-28|1915.50|1952.89|1912.77|1939.85
2023-09-04|1940.39|1946.26|1915.26|1918.98
2023-09-11|1920.48|1930.68|1900.94|1923.52
2023-09-18|1923.57|1947.41|1913.91|1925.09
2023-09-25|1925.12|1927.16|1846.31|1849.09
2023-10-02|1847.04|1848.89|1810.40|1831.58
2023-10-09|1849.91|1930.75|1844.18|1929.94
2023-10-16|1923.46|1997.17|1908.14|1980.31
2023-10-23|1969.04|2009.38|1953.64|2005.70
2023-10-30|2004.68|2007.92|1969.85|1992.43
2023-11-06|1992.24|1993.07|1932.98|1935.40
2023-11-13|1938.76|1993.37|1931.68|1980.60
2023-11-20|1977.77|2007.54|1965.49|2002.06
2023-11-27|2000.78|2075.30|2000.39|2070.36
2023-12-04|2071.84|2143.31|1994.65|2003.10
2023-12-11|2003.19|2047.87|1973.03|2019.53
2023-12-18|2019.37|2070.60|2016.02|2052.81
2023-12-25|2052.96|2088.43|2052.44|2063.37
2024-01-01|2063.15|2078.87|2024.39|2044.78
2024-01-08|2044.41|2062.22|2013.31|2046.80
2024-01-15|2047.98|2058.59|2001.79|2027.87
2024-01-22|2029.24|2037.89|2009.38|2018.86
2024-01-29|2022.58|2065.42|2019.25|2037.29
2024-02-05|2039.69|2044.60|2014.87|2024.81
2024-02-12|2023.58|2032.26|1984.24|2012.65
2024-02-19|2013.78|2041.32|2010.42|2036.14
2024-02-26|2033.36|2088.28|2024.47|2084.37
2024-03-04|2081.96|2195.11|2079.45|2178.09
2024-03-11|2180.80|2189.01|2150.61|2156.10
2024-03-18|2152.40|2222.68|2146.08|2165.47
2024-03-25|2165.38|2236.13|2163.51|2232.79
2024-04-01|2240.09|2330.47|2228.47|2328.38
2024-04-08|2322.14|2431.47|2302.89|2344.72
2024-04-15|2362.40|2417.81|2324.22|2390.52
2024-04-22|2386.32|2388.44|2291.31|2337.43
2024-04-29|2335.52|2346.71|2277.09|2301.88
2024-05-06|2303.02|2378.39|2291.83|2360.82
2024-05-13|2360.49|2422.68|2331.89|2414.36
2024-05-20|2419.40|2450.04|2325.36|2333.79
2024-05-27|2335.64|2364.04|2320.59|2327.51
2024-06-03|2327.51|2387.67|2286.72|2293.04
2024-06-10|2294.49|2341.60|2287.60|2332.69
2024-06-17|2332.69|2368.69|2306.55|2321.36
2024-06-24|2318.53|2339.69|2293.45|2326.39
2024-07-01|2326.05|2392.90|2318.52|2391.00
2024-07-08|2387.35|2424.52|2349.21|2411.58
2024-07-15|2412.67|2483.64|2393.62|2400.38
2024-07-22|2403.71|2431.98|2353.10|2388.29
2024-07-29|2388.11|2477.67|2369.51|2441.31
2024-08-05|2443.90|2458.60|2364.15|2430.97
2024-08-12|2429.86|2509.75|2423.70|2507.00
2024-08-19|2508.95|2531.73|2470.85|2511.90
2024-08-26|2511.71|2528.96|2493.43|2503.44
2024-09-02|2502.76|2529.24|2471.69|2497.09
2024-09-09|2496.53|2586.09|2485.47|2579.41
2024-09-16|2578.64|2625.80|2546.92|2622.19
2024-09-23|2619.71|2685.51|2613.64|2658.69
2024-09-30|2658.32|2673.17|2624.65|2652.70
2024-10-07|2650.82|2661.43|2601.78|2657.03
2024-10-14|2652.37|2722.54|2638.10|2722.20
2024-10-21|2720.62|2758.45|2708.54|2746.27
2024-10-28|2732.10|2790.12|2724.70|2735.04
2024-11-04|2736.26|2750.00|2643.12|2684.45
2024-11-11|2684.58|2686.18|2536.57|2561.71
2024-11-18|2567.63|2715.27|2566.51|2714.41
2024-11-25|2704.84|2721.38|2605.15|2650.44
2024-12-02|2650.08|2657.18|2613.09|2632.93
2024-12-09|2646.71|2726.05|2627.44|2648.46
2024-12-16|2650.00|2664.43|2582.57|2622.14
2024-12-23|2620.02|2639.11|2608.10|2620.97
2024-12-30|2619.80|2665.12|2596.07|2639.44
2025-01-06|2641.41|2697.90|2614.28|2689.04
2025-01-13|2688.79|2724.81|2656.71|2702.37
2025-01-20|2702.37|2786.00|2689.36|2771.60
2025-01-27|2767.59|2817.21|2730.31|2800.57
2025-02-03|2802.07|2886.86|2772.10|2861.82
2025-02-10|2855.81|2942.65|2855.70|2882.71
2025-02-17|2885.90|2954.96|2878.53|2935.98
2025-02-24|2934.27|2956.18|2832.48|2858.81
2025-03-03|2860.06|2930.27|2858.66|2912.13
2025-03-10|2911.56|3004.82|2879.84|2988.31
2025-03-17|2984.59|3057.42|2982.27|3023.03
2025-03-24|3023.82|3086.74|3002.45|3083.97
2025-03-31|3087.90|3167.68|3015.67|3036.77
2025-04-07|3028.80|3245.13|2956.46|3237.94
2025-04-14|3219.10|3357.78|3193.65|3327.12
2025-04-21|3331.29|3499.99|3259.96|3316.31
2025-04-28|3329.58|3353.06|3201.70|3240.62
2025-05-05|3241.79|3434.68|3237.67|3325.42
2025-05-12|3287.71|3291.71|3120.34|3201.36
2025-05-19|3212.17|3365.88|3204.57|3360.07
2025-05-26|3352.87|3356.59|3245.46|3291.15
2025-06-02|3298.03|3403.57|3298.03|3311.93
2025-06-09|3315.33|3446.76|3293.22|3432.55
2025-06-16|3442.76|3451.34|3340.04|3368.99
2025-06-23|3391.29|3394.68|3255.63|3274.65
2025-06-30|3280.46|3365.77|3246.35|3337.13
2025-07-07|3337.36|3368.73|3282.41|3357.32
2025-07-14|3362.93|3376.98|3309.67|3350.68
2025-07-21|3348.84|3438.98|3325.06|3336.63
2025-07-28|3329.34|3363.47|3267.95|3363.21
2025-08-04|3364.55|3407.86|3344.95|3397.02
2025-08-11|3403.61|3405.07|3329.74|3335.94
2025-08-18|3336.39|3378.85|3311.42|3371.95
2025-08-25|3371.25|3453.99|3351.37|3448.12
2025-09-01|3444.29|3599.99|3437.04|3587.32
2025-09-08|3583.72|3674.57|3579.47|3643.41
2025-09-15|3644.67|3707.42|3626.51|3685.11
2025-09-22|3684.78|3791.12|3683.66|3761.24
2025-09-29|3760.57|3896.91|3760.57|3886.75
2025-10-06|3887.05|4059.15|3884.24|4018.46
2025-10-13|4012.06|4379.22|4007.39|4246.83
2025-10-20|4243.50|4381.38|4004.28|4112.84
2025-10-27|4076.86|4109.12|3886.62|4003.18
2025-11-03|3983.73|4030.55|3928.52|4001.15
2025-11-10|3999.21|4245.12|3999.11|4084.72
2025-11-17|4082.52|4132.81|3997.70|4065.80
2025-11-24|4068.96|4226.82|4039.91|4219.29
2025-12-01|4229.15|4264.59|4163.42|4196.32
2025-12-08|4196.08|4353.54|4169.77|4300.22
2025-12-15|4295.98|4374.63|4271.44|4338.60
2025-12-22|4338.52|4549.86|4338.06|4531.68
2025-12-29|4548.84|4549.09|4274.02|4332.70
2026-01-05|4353.22|4517.20|4345.29|4510.04
2026-01-12|4521.41|4642.90|4512.67|4595.40
2026-01-19|4633.93|4989.84|4629.29|4985.91
2026-01-26|5008.85|5597.91|4681.35|4882.54
2026-02-02|4781.13|5091.93|4402.72|4963.97
2026-02-09|4990.56|5118.92|4878.61|5042.83
2026-02-16|5035.13|5106.88|4841.90|5103.76
2026-02-23|5109.06|5280.78|5093.44|5279.95
2026-03-02|5315.78|5419.15|4996.22|5171.06
2026-03-09|5190.43|5238.60|5009.59|5021.27
2026-03-16|5010.84|5044.27|4477.38|4496.99
2026-03-23|4487.05|4602.43|4099.02|4495.03
2026-03-30|4485.85|4800.26|4420.07|4676.12
