XAUUSD_D1_2020-01-01_2026-04-06 | 1615 bars | 2026-04-08 01:54 BJT
时间(BJT)|开|高|低|收
2019-12-31|1514.17|1525.26|1514.17|1516.91
2020-01-02|1518.16|1531.37|1517.23|1529.07
2020-01-03|1529.14|1553.49|1527.98|1551.51
2020-01-06|1560.08|1587.91|1559.57|1565.64
2020-01-07|1564.26|1577.35|1555.35|1574.01
2020-01-08|1576.93|1611.39|1552.25|1556.27
2020-01-09|1556.51|1561.33|1540.26|1552.29
2020-01-10|1551.43|1563.11|1545.74|1561.91
2020-01-13|1562.00|1562.00|1546.49|1547.82
2020-01-14|1547.63|1548.88|1535.94|1546.33
2020-01-15|1546.27|1558.18|1545.96|1556.15
2020-01-16|1556.31|1558.08|1548.04|1552.41
2020-01-17|1552.52|1561.25|1549.42|1556.96
2020-01-20|1557.13|1562.77|1556.37|1560.62
2020-01-21|1560.78|1568.60|1546.34|1558.10
2020-01-22|1558.53|1559.24|1550.20|1558.97
2020-01-23|1558.93|1567.95|1551.94|1562.71
2020-01-24|1562.44|1575.83|1556.55|1570.95
2020-01-27|1580.72|1588.48|1575.89|1581.89
2020-01-28|1581.50|1583.05|1565.55|1567.41
2020-01-29|1566.75|1578.03|1563.39|1576.90
2020-01-30|1576.95|1585.98|1572.40|1574.16
2020-01-31|1573.73|1590.47|1570.95|1588.96
2020-02-03|1593.24|1593.34|1569.65|1576.61
2020-02-04|1577.13|1579.61|1549.07|1552.87
2020-02-05|1552.83|1562.39|1547.52|1556.18
2020-02-06|1556.13|1568.24|1552.53|1566.66
2020-02-07|1566.58|1574.07|1560.39|1570.11
2020-02-10|1572.07|1577.02|1568.01|1572.11
2020-02-11|1571.94|1574.04|1562.14|1567.80
2020-02-12|1567.80|1570.49|1561.99|1565.80
2020-02-13|1566.14|1578.31|1565.61|1576.12
2020-02-14|1575.92|1584.99|1573.08|1583.83
2020-02-17|1582.22|1583.77|1578.88|1579.35
2020-02-18|1584.48|1605.10|1582.46|1601.34
2020-02-19|1601.43|1612.95|1599.51|1611.61
2020-02-20|1612.16|1623.70|1603.92|1619.50
2020-02-21|1620.33|1649.25|1618.99|1643.80
2020-02-24|1653.37|1689.34|1650.91|1658.72
2020-02-25|1658.93|1663.68|1625.34|1634.89
2020-02-26|1635.18|1655.00|1624.97|1640.82
2020-02-27|1640.95|1660.35|1635.24|1644.41
2020-02-28|1644.12|1649.49|1562.95|1584.77
2020-03-02|1591.60|1610.98|1575.39|1589.54
2020-03-03|1585.13|1649.33|1584.81|1640.76
2020-03-04|1639.85|1652.66|1631.87|1636.89
2020-03-05|1637.50|1674.64|1635.02|1672.27
2020-03-06|1672.41|1692.07|1641.88|1674.30
2020-03-09|1698.06|1703.30|1657.48|1679.68
2020-03-10|1671.45|1671.47|1641.73|1649.05
2020-03-11|1653.04|1671.25|1633.04|1635.12
2020-03-12|1634.12|1650.28|1560.74|1577.07
2020-03-13|1578.53|1597.93|1504.53|1529.69
2020-03-16|1563.99|1575.26|1451.19|1514.85
2020-03-17|1511.52|1554.00|1465.59|1528.00
2020-03-18|1527.22|1546.32|1472.76|1485.82
2020-03-19|1485.17|1500.87|1463.86|1472.47
2020-03-20|1470.42|1516.04|1454.74|1498.56
2020-03-23|1502.61|1561.38|1482.36|1553.08
2020-03-24|1554.79|1632.58|1552.50|1625.05
2020-03-25|1630.48|1639.31|1590.46|1616.40
2020-03-26|1614.54|1644.60|1595.47|1625.90
2020-03-27|1627.52|1634.46|1612.78|1618.15
2020-03-30|1616.38|1633.08|1606.88|1622.18
2020-03-31|1621.96|1623.38|1574.29|1575.88
2020-04-01|1575.33|1600.36|1568.07|1590.29
2020-04-02|1585.93|1619.76|1582.91|1612.22
2020-04-03|1607.20|1625.26|1605.84|1615.59
2020-04-06|1615.01|1668.56|1608.74|1659.50
2020-04-07|1660.95|1673.99|1642.36|1646.97
2020-04-08|1643.50|1656.43|1640.43|1644.84
2020-04-09|1642.70|1690.20|1642.70|1681.97
2020-04-13|1685.51|1722.38|1671.67|1713.96
2020-04-14|1709.06|1747.10|1708.66|1726.73
2020-04-15|1726.86|1731.17|1707.56|1716.72
2020-04-16|1709.78|1738.73|1707.62|1717.40
2020-04-17|1708.58|1718.49|1679.46|1681.43
2020-04-20|1682.51|1702.30|1671.00|1694.91
2020-04-21|1694.33|1697.77|1659.60|1685.53
2020-04-22|1681.37|1718.59|1680.30|1713.97
2020-04-23|1713.06|1738.65|1707.01|1730.44
2020-04-24|1730.34|1736.26|1710.32|1726.48
2020-04-27|1726.05|1727.24|1706.04|1713.91
2020-04-28|1713.40|1716.44|1691.72|1708.39
2020-04-29|1708.54|1717.25|1697.82|1712.38
2020-04-30|1711.66|1721.73|1681.38|1686.74
2020-05-01|1684.75|1705.44|1670.30|1699.48
2020-05-04|1697.64|1713.33|1691.58|1700.64
2020-05-05|1701.52|1711.63|1689.84|1705.47
2020-05-06|1705.46|1708.11|1681.95|1685.46
2020-05-07|1681.98|1721.98|1681.44|1715.73
2020-05-08|1715.19|1723.24|1700.97|1701.70
2020-05-11|1701.06|1712.12|1692.11|1697.46
2020-05-12|1696.21|1710.76|1693.72|1702.12
2020-05-13|1701.95|1717.94|1699.06|1716.24
2020-05-14|1715.99|1736.44|1710.93|1730.09
2020-05-15|1729.35|1751.28|1728.57|1742.52
2020-05-18|1743.85|1765.18|1727.36|1732.87
2020-05-19|1730.61|1747.83|1725.82|1744.50
2020-05-20|1745.18|1753.83|1742.50|1747.72
2020-05-21|1747.18|1748.78|1717.12|1726.97
2020-05-22|1722.86|1739.98|1722.86|1735.45
2020-05-25|1732.00|1734.31|1721.65|1727.62
2020-05-26|1727.99|1735.43|1708.80|1710.64
2020-05-27|1708.73|1715.95|1693.67|1709.39
2020-05-28|1710.45|1727.46|1705.06|1717.98
2020-05-29|1717.08|1737.55|1712.64|1730.36
2020-06-01|1735.02|1744.55|1727.16|1739.76
2020-06-02|1738.90|1745.17|1721.30|1727.90
2020-06-03|1724.01|1731.72|1689.44|1698.16
2020-06-04|1698.51|1721.83|1696.68|1714.07
2020-06-05|1713.05|1716.02|1670.69|1684.38
2020-06-08|1683.26|1700.65|1683.21|1697.97
2020-06-09|1697.07|1720.82|1692.23|1714.44
2020-06-10|1713.11|1739.73|1707.87|1738.41
2020-06-11|1737.08|1744.64|1721.54|1726.89
2020-06-12|1727.37|1743.01|1722.24|1730.37
2020-06-15|1728.22|1734.39|1704.25|1724.69
2020-06-16|1724.60|1732.77|1716.79|1726.35
2020-06-17|1725.70|1730.21|1712.62|1726.59
2020-06-18|1725.82|1737.76|1717.51|1722.50
2020-06-19|1720.94|1745.16|1720.94|1742.26
2020-06-22|1752.99|1763.04|1742.78|1754.56
2020-06-23|1753.30|1770.96|1747.34|1767.45
2020-06-24|1767.66|1779.18|1760.59|1761.21
2020-06-25|1759.99|1768.84|1753.83|1763.74
2020-06-26|1763.38|1771.81|1747.43|1769.59
2020-06-29|1775.39|1775.39|1765.56|1772.22
2020-06-30|1771.17|1785.96|1764.66|1780.30
2020-07-01|1780.92|1789.05|1759.13|1770.40
2020-07-02|1768.17|1779.47|1757.41|1775.30
2020-07-03|1775.14|1777.07|1772.55|1774.88
2020-07-06|1773.39|1786.97|1769.97|1784.69
2020-07-07|1783.19|1797.34|1773.49|1795.31
2020-07-08|1794.71|1817.94|1791.45|1808.89
2020-07-09|1808.44|1815.91|1795.53|1803.08
2020-07-10|1801.04|1810.46|1794.04|1798.43
2020-07-13|1797.26|1813.29|1797.26|1802.39
2020-07-14|1802.47|1810.83|1790.63|1809.18
2020-07-15|1807.28|1815.01|1802.53|1810.17
2020-07-16|1810.09|1813.23|1794.90|1796.77
2020-07-17|1796.77|1811.96|1795.79|1809.57
2020-07-20|1808.53|1820.51|1805.68|1817.22
2020-07-21|1817.61|1843.45|1815.83|1841.75
2020-07-22|1839.30|1871.97|1839.30|1871.49
2020-07-23|1871.97|1898.36|1863.67|1887.22
2020-07-24|1886.44|1906.51|1881.31|1901.56
2020-07-27|1901.35|1945.61|1899.59|1941.88
2020-07-28|1941.65|1981.19|1906.62|1959.57
2020-07-29|1955.42|1980.88|1941.43|1970.28
2020-07-30|1969.63|1971.55|1939.51|1955.92
2020-07-31|1955.28|1983.26|1955.02|1974.84
2020-08-03|1978.45|1985.01|1960.49|1976.65
2020-08-04|1976.32|2019.93|1966.92|2019.09
2020-08-05|2018.69|2055.55|2009.47|2037.70
2020-08-06|2038.61|2069.64|2034.49|2063.11
2020-08-07|2063.65|2075.07|2015.51|2033.74
2020-08-10|2033.74|2049.88|2018.88|2027.32
2020-08-11|2027.02|2029.99|1901.30|1911.51
2020-08-12|1911.43|1949.25|1862.58|1916.60
2020-08-13|1912.99|1966.30|1912.79|1953.21
2020-08-14|1952.72|1962.17|1932.16|1943.57
2020-08-17|1946.50|1990.64|1929.48|1985.07
2020-08-18|1984.53|2015.45|1976.03|2001.76
2020-08-19|2002.07|2006.44|1924.68|1929.27
2020-08-20|1928.46|1955.22|1924.82|1946.59
2020-08-21|1946.81|1955.85|1911.46|1938.96
2020-08-24|1940.15|1961.75|1923.69|1928.94
2020-08-25|1928.77|1937.49|1914.25|1927.81
2020-08-26|1931.95|1954.80|1902.76|1953.82
2020-08-27|1954.24|1976.66|1909.98|1928.95
2020-08-28|1929.01|1973.81|1923.12|1964.30
2020-08-31|1965.46|1976.52|1954.23|1967.50
2020-09-01|1967.05|1992.40|1963.07|1970.31
2020-09-02|1969.29|1973.24|1932.59|1942.87
2020-09-03|1942.43|1951.02|1921.78|1930.22
2020-09-04|1931.35|1947.68|1916.40|1933.04
2020-09-07|1929.83|1941.29|1924.29|1928.58
2020-09-08|1929.32|1940.87|1906.43|1931.48
2020-09-09|1932.20|1950.85|1920.03|1946.54
2020-09-10|1946.37|1966.53|1941.39|1946.02
2020-09-11|1944.86|1954.75|1937.24|1940.28
2020-09-14|1940.41|1962.43|1936.50|1956.45
2020-09-15|1956.79|1972.13|1948.48|1954.12
2020-09-16|1952.84|1973.46|1949.83|1959.39
2020-09-17|1958.95|1960.93|1932.84|1944.13
2020-09-18|1944.07|1960.05|1943.80|1950.46
2020-09-21|1949.44|1955.59|1882.24|1912.53
2020-09-22|1912.35|1920.06|1894.62|1900.08
2020-09-23|1900.11|1905.30|1855.76|1863.31
2020-09-24|1863.17|1877.03|1848.72|1867.83
2020-09-25|1867.95|1875.16|1852.40|1860.05
2020-09-28|1859.00|1883.03|1849.05|1881.56
2020-09-29|1881.18|1899.07|1875.43|1897.25
2020-09-30|1897.52|1902.24|1881.43|1885.40
2020-10-01|1885.44|1911.95|1884.67|1905.98
2020-10-02|1905.16|1917.05|1889.78|1900.56
2020-10-05|1904.80|1918.80|1887.00|1913.44
2020-10-06|1912.66|1920.95|1874.60|1877.88
2020-10-07|1878.56|1898.04|1872.85|1887.65
2020-10-08|1886.94|1900.70|1881.93|1893.56
2020-10-09|1893.53|1930.45|1893.53|1929.84
2020-10-12|1928.73|1933.17|1918.26|1922.49
2020-10-13|1922.68|1925.42|1886.49|1890.97
2020-10-14|1891.67|1912.92|1882.49|1901.28
2020-10-15|1901.63|1908.99|1889.68|1908.25
2020-10-16|1908.32|1913.91|1897.78|1898.71
2020-10-19|1899.66|1918.46|1896.99|1904.14
2020-10-20|1903.34|1914.09|1894.61|1907.00
2020-10-21|1907.97|1931.37|1907.97|1924.57
2020-10-22|1924.30|1925.99|1894.54|1903.77
2020-10-23|1903.79|1914.18|1894.28|1901.47
2020-10-26|1902.62|1908.60|1891.23|1902.18
2020-10-27|1901.75|1911.34|1897.81|1907.56
2020-10-28|1907.88|1910.82|1869.24|1877.35
2020-10-29|1876.70|1884.95|1859.94|1867.71
2020-10-30|1866.70|1889.79|1864.50|1878.32
2020-11-02|1877.00|1896.02|1873.43|1895.66
2020-11-03|1895.35|1910.55|1886.94|1909.55
2020-11-04|1908.83|1916.41|1881.76|1902.98
2020-11-05|1903.03|1952.74|1902.18|1949.44
2020-11-06|1948.37|1960.35|1935.58|1951.83
2020-11-09|1954.97|1965.48|1850.52|1862.12
2020-11-10|1863.70|1890.43|1860.34|1877.23
2020-11-11|1876.30|1884.45|1856.46|1865.24
2020-11-12|1865.44|1883.80|1862.68|1876.84
2020-11-13|1881.75|1896.79|1874.02|1889.29
2020-11-16|1889.86|1899.09|1864.48|1888.81
2020-11-17|1889.22|1893.48|1876.88|1880.19
2020-11-18|1871.84|1884.80|1863.74|1872.29
2020-11-19|1873.65|1874.06|1852.72|1866.04
2020-11-20|1865.56|1879.75|1860.90|1870.93
2020-11-23|1870.60|1876.11|1830.97|1837.82
2020-11-24|1837.87|1839.02|1800.42|1807.36
2020-11-25|1807.35|1817.72|1801.61|1807.73
2020-11-26|1807.69|1818.24|1805.77|1810.24
2020-11-27|1810.35|1813.78|1774.32|1786.82
2020-11-30|1786.12|1789.87|1764.40|1776.70
2020-12-01|1776.57|1817.28|1775.74|1815.01
2020-12-02|1815.14|1832.38|1807.45|1830.48
2020-12-03|1830.20|1843.95|1823.74|1840.89
2020-12-04|1840.00|1848.16|1829.21|1838.56
2020-12-07|1836.85|1868.59|1822.11|1862.17
2020-12-08|1861.59|1875.27|1860.27|1870.22
2020-12-09|1869.67|1870.81|1825.47|1839.85
2020-12-10|1839.35|1850.11|1828.72|1836.62
2020-12-11|1836.07|1847.67|1824.05|1839.77
2020-12-14|1840.69|1841.22|1819.20|1826.97
2020-12-15|1827.14|1855.36|1825.51|1853.24
2020-12-16|1853.61|1865.72|1844.78|1864.52
2020-12-17|1863.90|1896.22|1861.99|1885.39
2020-12-18|1885.36|1889.63|1877.45|1880.61
2020-12-21|1885.55|1906.72|1855.07|1876.41
2020-12-22|1875.93|1884.26|1858.91|1859.91
2020-12-23|1859.70|1878.51|1857.06|1873.13
2020-12-24|1872.26|1883.32|1869.54|1878.59
2020-12-28|1882.38|1900.21|1869.10|1873.43
2020-12-29|1872.84|1886.40|1871.71|1878.24
2020-12-30|1877.32|1894.48|1876.07|1894.44
2020-12-31|1894.07|1900.96|1885.43|1898.26
2021-01-04|1903.24|1944.41|1901.86|1942.82
2021-01-05|1939.83|1953.00|1934.30|1949.97
2021-01-06|1949.49|1959.30|1900.90|1918.77
2021-01-07|1918.50|1927.68|1906.90|1913.54
2021-01-08|1913.45|1917.48|1828.28|1849.04
2021-01-11|1848.09|1856.79|1817.08|1843.35
2021-01-12|1844.60|1863.69|1836.86|1854.61
2021-01-13|1854.50|1863.02|1841.88|1844.95
2021-01-14|1845.52|1857.53|1828.43|1846.05
2021-01-15|1845.52|1856.93|1823.36|1827.65
2021-01-18|1828.30|1840.76|1801.31|1837.60
2021-01-19|1837.52|1845.46|1833.06|1839.99
2021-01-20|1839.66|1871.67|1832.61|1871.37
2021-01-21|1870.14|1875.10|1858.36|1869.58
2021-01-22|1869.84|1870.79|1837.32|1854.68
2021-01-25|1854.01|1867.86|1847.13|1855.91
2021-01-26|1855.11|1861.72|1848.37|1850.65
2021-01-27|1850.62|1853.15|1831.31|1844.05
2021-01-28|1843.61|1864.02|1833.99|1842.52
2021-01-29|1841.65|1875.63|1839.52|1847.40
2021-02-01|1863.14|1871.76|1849.11|1860.56
2021-02-02|1860.04|1864.09|1829.52|1838.02
2021-02-03|1837.27|1844.95|1829.75|1834.05
2021-02-04|1832.99|1834.76|1785.06|1793.92
2021-02-05|1794.11|1815.16|1792.08|1813.36
2021-02-08|1816.59|1839.13|1807.79|1830.50
2021-02-09|1836.49|1848.60|1828.89|1838.50
2021-02-10|1837.29|1855.37|1834.06|1843.24
2021-02-11|1842.56|1847.55|1821.12|1825.51
2021-02-12|1824.63|1830.75|1810.47|1824.12
2021-02-15|1824.67|1827.02|1816.05|1818.32
2021-02-16|1818.42|1826.41|1789.45|1794.34
2021-02-17|1793.37|1795.11|1769.59|1776.23
2021-02-18|1776.31|1789.66|1768.44|1775.76
2021-02-19|1775.89|1791.62|1760.64|1783.05
2021-02-22|1782.19|1812.65|1780.69|1809.66
2021-02-23|1809.34|1816.02|1795.62|1805.50
2021-02-24|1804.86|1813.83|1783.56|1804.81
2021-02-25|1804.69|1805.34|1765.49|1769.98
2021-02-26|1771.12|1775.80|1717.26|1733.89
2021-03-01|1733.46|1759.94|1719.65|1724.58
2021-03-02|1724.19|1739.18|1707.25|1738.18
2021-03-03|1737.31|1740.51|1701.95|1710.90
2021-03-04|1709.66|1723.21|1690.52|1697.75
2021-03-05|1697.36|1707.67|1687.38|1700.75
2021-03-08|1702.51|1714.31|1676.83|1683.47
2021-03-09|1681.51|1720.64|1680.14|1715.73
2021-03-10|1715.60|1726.78|1708.21|1726.65
2021-03-11|1725.80|1739.88|1719.27|1722.51
2021-03-12|1721.73|1727.97|1699.18|1726.87
2021-03-15|1726.41|1734.54|1721.68|1731.68
2021-03-16|1732.03|1741.14|1726.15|1731.52
2021-03-17|1731.21|1751.66|1724.27|1745.15
2021-03-18|1743.92|1755.52|1719.21|1736.46
2021-03-19|1734.53|1746.69|1728.49|1745.09
2021-03-22|1745.55|1746.88|1727.38|1738.82
2021-03-23|1737.93|1742.57|1724.68|1726.96
2021-03-24|1726.48|1738.41|1723.78|1734.13
2021-03-25|1733.20|1745.46|1721.73|1726.54
2021-03-26|1726.94|1736.74|1721.62|1732.69
2021-03-29|1731.23|1733.08|1705.74|1711.87
2021-03-30|1712.16|1714.36|1678.83|1684.84
2021-03-31|1684.51|1715.26|1677.88|1707.35
2021-04-01|1707.30|1730.45|1705.77|1729.83
2021-04-05|1728.34|1733.55|1721.57|1728.20
2021-04-06|1727.66|1745.48|1727.18|1743.36
2021-04-07|1742.10|1744.35|1730.62|1737.57
2021-04-08|1737.00|1758.67|1733.14|1755.39
2021-04-09|1754.98|1757.33|1731.17|1743.46
2021-04-12|1743.35|1745.02|1727.38|1732.77
2021-04-13|1731.73|1748.91|1723.72|1745.25
2021-04-14|1744.66|1749.37|1732.61|1736.29
2021-04-15|1735.82|1769.62|1734.39|1763.51
2021-04-16|1763.37|1783.88|1759.77|1776.75
2021-04-19|1776.34|1790.05|1766.76|1771.40
2021-04-20|1769.72|1780.43|1763.66|1778.71
2021-04-21|1778.15|1797.63|1776.27|1793.61
2021-04-22|1793.06|1797.85|1777.39|1784.03
2021-04-23|1783.44|1795.89|1769.97|1776.39
2021-04-26|1775.59|1783.50|1768.75|1781.25
2021-04-27|1780.05|1785.54|1773.70|1776.55
2021-04-28|1775.78|1782.51|1762.70|1781.62
2021-04-29|1781.21|1789.95|1756.14|1771.89
2021-04-30|1771.71|1773.67|1764.24|1768.89
2021-05-03|1768.42|1797.90|1766.04|1792.93
2021-05-04|1792.28|1799.00|1770.92|1778.70
2021-05-05|1778.15|1787.96|1770.31|1786.82
2021-05-06|1786.28|1818.10|1781.98|1814.89
2021-05-07|1814.19|1843.28|1812.85|1830.80
2021-05-10|1832.70|1845.37|1830.01|1835.64
2021-05-11|1835.41|1841.78|1818.03|1837.34
2021-05-12|1836.62|1843.67|1813.24|1815.44
2021-05-13|1815.16|1828.74|1808.79|1826.39
2021-05-14|1825.56|1846.05|1819.69|1842.51
2021-05-17|1842.38|1868.47|1840.59|1866.76
2021-05-18|1865.57|1874.97|1863.19|1869.45
2021-05-19|1869.29|1889.99|1852.20|1869.28
2021-05-20|1869.53|1883.89|1863.86|1876.99
2021-05-21|1876.91|1889.36|1870.10|1881.67
2021-05-24|1881.29|1887.05|1875.19|1880.69
2021-05-25|1880.42|1900.24|1872.69|1899.07
2021-05-26|1898.74|1912.73|1890.69|1896.57
2021-05-27|1896.14|1903.64|1888.17|1896.42
2021-05-28|1896.52|1905.90|1882.30|1903.13
2021-05-31|1902.31|1910.63|1901.90|1906.68
2021-06-01|1906.40|1916.57|1892.38|1900.28
2021-06-02|1900.06|1909.10|1894.38|1908.24
2021-06-03|1908.07|1909.61|1865.30|1870.53
2021-06-04|1871.14|1896.19|1855.95|1891.48
2021-06-07|1889.91|1900.09|1881.49|1898.92
2021-06-08|1898.97|1903.71|1883.72|1892.82
2021-06-09|1891.35|1899.01|1887.29|1888.49
2021-06-10|1888.31|1899.82|1869.96|1898.32
2021-06-11|1897.99|1902.98|1874.40|1876.08
2021-06-14|1876.46|1877.69|1844.68|1866.04
2021-06-15|1865.72|1869.17|1851.57|1858.67
2021-06-16|1858.42|1862.95|1803.34|1811.83
2021-06-17|1811.29|1825.29|1767.28|1773.05
2021-06-18|1772.27|1797.22|1760.94|1764.27
2021-06-21|1767.92|1786.50|1766.49|1782.92
2021-06-22|1782.04|1790.12|1772.45|1778.73
2021-06-23|1779.22|1794.95|1773.21|1778.95
2021-06-24|1778.17|1788.04|1772.80|1774.82
2021-06-25|1775.88|1790.35|1773.69|1780.84
2021-06-28|1781.31|1785.70|1770.65|1778.07
2021-06-29|1778.25|1778.95|1750.66|1761.05
2021-06-30|1761.71|1774.37|1753.34|1770.39
2021-07-01|1769.89|1782.85|1765.62|1776.71
2021-07-02|1776.86|1795.05|1774.35|1787.52
2021-07-05|1787.50|1794.42|1784.46|1790.92
2021-07-06|1791.11|1815.02|1790.07|1797.10
2021-07-07|1796.45|1809.80|1793.91|1803.64
2021-07-08|1803.54|1818.39|1794.46|1802.32
2021-07-09|1802.76|1812.37|1796.70|1807.84
2021-07-12|1807.53|1810.86|1791.61|1806.07
2021-07-13|1806.17|1817.22|1798.68|1807.55
2021-07-14|1807.71|1829.86|1804.51|1827.35
2021-07-15|1827.02|1834.17|1820.25|1829.44
2021-07-16|1829.42|1832.03|1808.97|1811.30
2021-07-19|1811.29|1817.33|1795.02|1812.71
2021-07-20|1812.75|1825.05|1805.06|1810.28
2021-07-21|1809.89|1813.72|1794.75|1803.35
2021-07-22|1803.69|1808.03|1792.74|1806.55
2021-07-23|1807.20|1810.33|1789.60|1801.89
2021-07-26|1802.15|1811.54|1796.39|1797.45
2021-07-27|1797.79|1805.29|1793.61|1798.82
2021-07-28|1799.16|1809.89|1792.51|1806.98
2021-07-29|1806.71|1832.70|1806.71|1827.95
2021-07-30|1828.38|1831.43|1810.23|1814.28
2021-08-02|1813.42|1819.51|1805.81|1813.44
2021-08-03|1812.91|1815.08|1807.12|1810.30
2021-08-04|1810.27|1831.72|1806.48|1811.83
2021-08-05|1811.94|1814.90|1797.78|1804.02
2021-08-06|1804.48|1804.80|1758.73|1763.15
2021-08-09|1762.54|1764.17|1678.93|1729.51
2021-08-10|1729.99|1738.29|1717.74|1729.16
2021-08-11|1729.24|1754.49|1724.06|1751.50
2021-08-12|1751.26|1758.15|1741.61|1752.54
2021-08-13|1752.99|1779.87|1751.75|1779.65
2021-08-16|1779.74|1789.29|1770.82|1787.05
2021-08-17|1787.19|1795.56|1780.59|1785.96
2021-08-18|1785.78|1793.84|1777.35|1787.55
2021-08-19|1787.40|1792.48|1774.42|1779.74
2021-08-20|1779.58|1788.42|1778.35|1780.94
2021-08-23|1780.49|1806.45|1776.45|1805.46
2021-08-24|1805.16|1809.60|1800.72|1803.01
2021-08-25|1802.89|1803.08|1782.59|1790.47
2021-08-26|1790.31|1798.18|1780.04|1791.96
2021-08-27|1792.80|1819.28|1787.76|1817.72
2021-08-30|1818.28|1823.23|1807.72|1810.26
2021-08-31|1809.69|1819.16|1801.67|1813.59
2021-09-01|1813.05|1820.04|1808.60|1814.10
2021-09-02|1813.34|1817.14|1804.85|1809.45
2021-09-03|1808.94|1833.99|1808.94|1827.48
2021-09-06|1828.04|1828.54|1821.35|1823.24
2021-09-07|1823.56|1827.23|1792.42|1794.29
2021-09-08|1794.39|1802.23|1782.33|1789.30
2021-09-09|1789.76|1800.97|1783.79|1794.16
2021-09-10|1793.82|1803.89|1787.16|1787.71
2021-09-13|1788.28|1798.33|1783.67|1793.33
2021-09-14|1793.16|1808.67|1781.08|1804.61
2021-09-15|1804.18|1806.88|1790.72|1793.55
2021-09-16|1793.93|1796.17|1745.32|1753.33
2021-09-17|1753.17|1767.50|1747.36|1753.83
2021-09-20|1752.93|1767.09|1742.12|1764.12
2021-09-21|1764.33|1781.71|1757.93|1774.18
2021-09-22|1774.58|1787.28|1764.67|1767.96
2021-09-23|1768.23|1776.59|1737.87|1742.36
2021-09-24|1744.05|1757.62|1740.46|1749.71
2021-09-27|1747.95|1760.82|1744.85|1750.11
2021-09-28|1750.09|1754.44|1728.10|1733.89
2021-09-29|1733.78|1745.51|1721.61|1726.40
2021-09-30|1726.74|1764.24|1722.22|1756.97
2021-10-01|1756.35|1764.30|1749.76|1760.10
2021-10-04|1760.38|1770.60|1747.72|1769.30
2021-10-05|1769.41|1769.44|1748.61|1759.79
2021-10-06|1759.73|1765.14|1745.93|1762.56
2021-10-07|1762.88|1766.95|1751.92|1755.10
2021-10-08|1755.90|1781.38|1753.33|1757.07
2021-10-11|1756.83|1760.97|1750.16|1754.29
2021-10-12|1753.78|1769.34|1750.73|1759.96
2021-10-13|1759.92|1796.19|1757.95|1792.99
2021-10-14|1792.48|1800.58|1786.67|1795.86
2021-10-15|1795.61|1796.46|1764.80|1767.31
2021-10-18|1766.46|1772.11|1760.26|1764.68
2021-10-19|1764.91|1785.08|1762.86|1769.41
2021-10-20|1768.97|1788.42|1766.79|1781.96
2021-10-21|1782.15|1789.50|1776.47|1782.89
2021-10-22|1783.25|1813.82|1782.91|1792.57
2021-10-25|1792.59|1810.05|1792.10|1807.57
2021-10-26|1807.33|1808.31|1782.36|1792.68
2021-10-27|1792.88|1799.09|1783.47|1796.83
2021-10-28|1796.35|1810.45|1792.33|1798.77
2021-10-29|1799.43|1801.14|1771.94|1782.83
2021-11-01|1782.23|1795.80|1779.09|1793.15
2021-11-02|1792.98|1796.42|1786.40|1787.93
2021-11-03|1787.55|1788.21|1758.82|1769.59
2021-11-04|1770.31|1798.94|1770.31|1791.60
2021-11-05|1790.88|1818.24|1785.09|1817.83
2021-11-08|1816.69|1826.41|1812.48|1823.81
2021-11-09|1824.92|1832.74|1819.15|1831.80
2021-11-10|1831.98|1868.54|1822.36|1849.15
2021-11-11|1849.37|1865.99|1842.97|1861.77
2021-11-12|1861.75|1868.71|1845.29|1864.14
2021-11-15|1867.72|1870.52|1856.31|1862.70
2021-11-16|1862.88|1877.09|1849.65|1850.46
2021-11-17|1849.07|1868.06|1848.54|1867.26
2021-11-18|1866.15|1870.91|1855.08|1858.81
2021-11-19|1858.19|1865.78|1843.05|1845.58
2021-11-22|1844.62|1849.08|1802.28|1804.59
2021-11-23|1806.63|1812.46|1782.01|1788.95
2021-11-24|1789.08|1796.36|1778.52|1788.47
2021-11-25|1788.69|1795.07|1786.02|1788.20
2021-11-26|1789.97|1815.54|1780.49|1791.40
2021-11-29|1784.53|1799.37|1778.20|1784.55
2021-11-30|1784.05|1808.74|1769.88|1774.78
2021-12-01|1774.39|1794.51|1772.17|1781.76
2021-12-02|1780.86|1783.35|1761.84|1768.16
2021-12-03|1768.05|1786.09|1766.13|1783.80
2021-12-06|1783.71|1787.84|1775.80|1778.31
2021-12-07|1778.27|1787.80|1772.22|1784.05
2021-12-08|1784.38|1793.10|1779.63|1783.05
2021-12-09|1782.83|1787.64|1773.59|1775.08
2021-12-10|1775.63|1789.44|1770.13|1782.76
2021-12-13|1782.06|1791.56|1781.16|1786.55
2021-12-14|1785.55|1789.55|1766.47|1770.50
2021-12-15|1770.69|1780.84|1752.95|1776.98
2021-12-16|1777.31|1799.63|1775.58|1799.12
2021-12-17|1798.77|1814.25|1795.75|1797.96
2021-12-20|1797.95|1804.11|1788.31|1790.81
2021-12-21|1790.87|1800.44|1784.89|1788.86
2021-12-22|1788.89|1805.09|1785.86|1803.47
2021-12-23|1803.85|1810.74|1798.91|1808.43
2021-12-27|1806.98|1813.47|1803.04|1811.76
2021-12-28|1811.15|1820.25|1805.00|1805.95
2021-12-29|1806.31|1807.66|1789.41|1804.38
2021-12-30|1804.37|1817.19|1796.17|1814.53
2021-12-31|1814.57|1830.48|1814.13|1828.62
2022-01-03|1829.00|1831.65|1798.33|1801.21
2022-01-04|1800.91|1816.70|1798.48|1814.47
2022-01-05|1814.55|1829.63|1808.29|1810.27
2022-01-06|1810.22|1811.54|1786.39|1790.84
2022-01-07|1790.80|1798.66|1782.64|1796.22
2022-01-10|1794.93|1802.34|1790.37|1801.66
2022-01-11|1801.32|1823.29|1800.06|1821.49
2022-01-12|1820.70|1828.06|1814.71|1826.07
2022-01-13|1825.70|1828.23|1812.32|1822.50
2022-01-14|1822.09|1829.13|1814.66|1817.45
2022-01-17|1817.14|1823.20|1813.11|1819.34
2022-01-18|1817.80|1822.75|1805.77|1813.67
2022-01-19|1812.82|1843.44|1810.26|1840.42
2022-01-20|1839.22|1847.95|1835.90|1839.51
2022-01-21|1839.44|1843.19|1828.49|1834.37
2022-01-24|1832.66|1844.35|1829.71|1843.09
2022-01-25|1843.14|1853.84|1834.91|1848.06
2022-01-26|1847.45|1850.06|1814.94|1819.26
2022-01-27|1819.77|1822.12|1791.80|1797.00
2022-01-28|1797.20|1799.41|1780.24|1791.56
2022-01-31|1790.58|1799.94|1785.53|1797.29
2022-02-01|1797.83|1808.77|1795.73|1801.05
2022-02-02|1800.48|1810.81|1794.40|1806.81
2022-02-03|1806.81|1809.01|1788.64|1804.82
2022-02-04|1804.92|1814.91|1792.21|1807.78
2022-02-07|1806.64|1823.57|1806.20|1820.41
2022-02-08|1820.43|1828.78|1815.41|1825.96
2022-02-09|1825.99|1835.84|1824.68|1832.83
2022-02-10|1832.89|1841.95|1821.62|1826.61
2022-02-11|1826.45|1865.37|1820.94|1858.78
2022-02-14|1861.34|1874.14|1850.82|1871.29
2022-02-15|1871.40|1879.49|1844.54|1853.43
2022-02-16|1853.27|1872.60|1850.30|1869.46
2022-02-17|1869.49|1901.15|1867.83|1898.31
2022-02-18|1897.12|1902.48|1886.62|1897.21
2022-02-21|1898.83|1908.24|1887.63|1903.80
2022-02-22|1906.83|1914.01|1891.48|1898.45
2022-02-23|1898.84|1910.52|1889.69|1909.01
2022-02-24|1908.96|1974.38|1878.10|1903.96
2022-02-25|1904.64|1921.51|1883.16|1888.12
2022-02-28|1921.35|1928.41|1890.93|1908.66
2022-03-01|1906.86|1950.15|1901.38|1944.96
2022-03-02|1942.17|1947.92|1913.91|1928.55
2022-03-03|1928.68|1941.33|1922.03|1936.22
2022-03-04|1935.56|1970.23|1929.65|1969.83
2022-03-07|1979.59|2002.58|1960.97|1997.52
2022-03-08|1996.74|2070.52|1981.01|2049.78
2022-03-09|2050.27|2059.19|1976.14|1991.68
2022-03-10|1990.61|2009.12|1970.87|1996.68
2022-03-11|1994.73|1999.04|1958.69|1985.29
2022-03-14|1987.70|1989.58|1949.74|1950.63
2022-03-15|1951.07|1954.58|1907.05|1917.68
2022-03-16|1918.45|1929.53|1895.08|1926.16
2022-03-17|1927.61|1949.81|1923.23|1942.47
2022-03-18|1942.77|1945.40|1917.94|1920.81
2022-03-21|1920.61|1941.25|1918.13|1935.75
2022-03-22|1935.37|1938.37|1910.81|1921.32
2022-03-23|1921.19|1948.42|1915.64|1944.09
2022-03-24|1943.25|1966.10|1937.37|1957.57
2022-03-25|1957.85|1964.28|1943.13|1957.26
2022-03-28|1956.55|1960.28|1916.99|1922.66
2022-03-29|1921.74|1929.34|1890.08|1919.45
2022-03-30|1918.42|1938.50|1915.93|1932.50
2022-03-31|1932.61|1949.83|1919.17|1937.04
2022-04-01|1936.83|1939.57|1918.04|1924.46
2022-04-04|1923.86|1936.90|1915.55|1932.58
2022-04-05|1932.55|1944.58|1917.89|1923.33
2022-04-06|1923.18|1933.46|1915.09|1925.13
2022-04-07|1924.00|1937.78|1920.55|1931.50
2022-04-08|1931.45|1948.14|1927.68|1946.59
2022-04-11|1946.18|1969.49|1939.98|1953.54
2022-04-12|1953.90|1978.58|1949.65|1966.48
2022-04-13|1966.65|1981.55|1962.86|1978.02
2022-04-14|1977.23|1980.33|1960.48|1973.30
2022-04-18|1972.48|1998.32|1968.96|1978.56
2022-04-19|1976.41|1981.97|1943.76|1950.01
2022-04-20|1949.93|1958.26|1939.25|1957.42
2022-04-21|1956.90|1957.42|1936.75|1951.14
2022-04-22|1951.03|1955.60|1926.55|1931.19
2022-04-25|1930.22|1934.81|1891.52|1897.85
2022-04-26|1897.79|1911.16|1895.70|1905.12
2022-04-27|1905.57|1907.03|1881.33|1885.79
2022-04-28|1885.53|1896.72|1872.12|1894.60
2022-04-29|1894.59|1919.84|1892.55|1896.34
2022-05-02|1896.63|1899.90|1854.57|1862.85
2022-05-03|1863.33|1878.11|1850.38|1868.15
2022-05-04|1867.82|1889.78|1861.48|1881.16
2022-05-05|1882.86|1909.73|1872.48|1877.06
2022-05-06|1876.61|1892.49|1866.11|1882.32
2022-05-09|1883.10|1886.15|1851.67|1853.65
2022-05-10|1853.41|1865.44|1835.39|1838.32
2022-05-11|1838.51|1858.09|1832.04|1852.42
2022-05-12|1851.79|1858.75|1821.26|1821.87
2022-05-13|1822.10|1828.79|1799.06|1811.11
2022-05-16|1808.76|1826.96|1786.80|1823.86
2022-05-17|1824.83|1836.10|1812.90|1814.86
2022-05-18|1814.32|1824.73|1807.41|1816.50
2022-05-19|1816.10|1849.21|1810.91|1841.98
2022-05-20|1841.57|1849.38|1832.33|1845.86
2022-05-23|1847.79|1865.40|1843.58|1853.43
2022-05-24|1853.50|1869.75|1849.35|1866.38
2022-05-25|1864.92|1868.05|1842.42|1853.05
2022-05-26|1852.90|1854.29|1841.00|1850.61
2022-05-27|1849.93|1861.92|1847.98|1853.00
2022-05-30|1852.81|1863.96|1848.08|1854.13
2022-05-31|1855.57|1857.05|1835.02|1837.36
2022-06-01|1836.59|1849.98|1828.50|1846.12
2022-06-02|1846.19|1870.41|1844.06|1868.62
2022-06-03|1868.91|1874.09|1847.35|1850.25
2022-06-06|1849.80|1857.77|1840.68|1841.61
2022-06-07|1840.21|1855.56|1836.94|1852.22
2022-06-08|1852.23|1859.70|1844.57|1853.13
2022-06-09|1852.21|1855.32|1840.09|1848.12
2022-06-10|1847.87|1875.86|1825.10|1870.66
2022-06-13|1878.10|1878.90|1819.07|1819.23
2022-06-14|1819.81|1831.55|1805.11|1808.17
2022-06-15|1808.05|1841.80|1807.04|1833.69
2022-06-16|1832.99|1857.53|1816.02|1856.59
2022-06-17|1855.06|1855.67|1833.79|1838.51
2022-06-20|1836.81|1846.10|1834.66|1838.51
2022-06-21|1838.00|1843.65|1828.57|1833.06
2022-06-22|1832.72|1847.80|1823.41|1837.95
2022-06-23|1836.95|1846.10|1822.50|1822.62
2022-06-24|1822.51|1831.78|1816.88|1826.75
2022-06-27|1834.79|1841.05|1820.73|1822.49
2022-06-28|1822.09|1829.48|1818.44|1819.81
2022-06-29|1819.37|1832.94|1812.05|1817.90
2022-06-30|1817.69|1825.13|1802.70|1807.17
2022-07-01|1807.12|1811.56|1784.50|1809.82
2022-07-04|1809.70|1814.32|1803.96|1807.64
2022-07-05|1807.55|1812.12|1763.89|1764.63
2022-07-06|1765.51|1772.84|1732.26|1739.06
2022-07-07|1737.83|1749.02|1736.48|1740.16
2022-07-08|1740.20|1757.18|1729.26|1741.56
2022-07-11|1741.11|1744.49|1731.27|1734.05
2022-07-12|1733.57|1744.16|1723.22|1726.07
2022-07-13|1725.93|1745.34|1707.12|1735.54
2022-07-14|1735.36|1736.18|1697.54|1709.69
2022-07-15|1710.56|1716.50|1699.06|1706.95
2022-07-18|1707.17|1723.87|1705.87|1708.95
2022-07-19|1709.41|1718.39|1705.31|1711.52
2022-07-20|1711.60|1714.40|1692.34|1696.49
2022-07-21|1696.30|1720.12|1680.87|1718.18
2022-07-22|1717.98|1739.21|1712.81|1727.03
2022-07-25|1726.56|1736.18|1714.69|1719.62
2022-07-26|1719.02|1728.11|1713.56|1717.18
2022-07-27|1717.22|1740.14|1711.44|1734.25
2022-07-28|1734.11|1757.06|1733.86|1755.81
2022-07-29|1755.67|1767.92|1752.04|1765.81
2022-08-01|1764.74|1775.18|1758.25|1772.08
2022-08-02|1771.99|1787.96|1760.40|1761.00
2022-08-03|1761.35|1772.69|1754.24|1765.43
2022-08-04|1765.18|1794.90|1763.13|1791.09
2022-08-05|1790.79|1794.84|1764.94|1775.08
2022-08-08|1772.68|1790.02|1770.47|1788.95
2022-08-09|1788.74|1800.37|1783.18|1794.29
2022-08-10|1795.07|1807.88|1787.45|1792.17
2022-08-11|1792.19|1799.24|1783.44|1789.42
2022-08-12|1789.65|1802.15|1784.92|1801.69
2022-08-15|1802.24|1802.24|1772.96|1779.41
2022-08-16|1779.84|1783.15|1771.37|1775.45
2022-08-17|1775.64|1782.28|1759.80|1761.94
2022-08-18|1762.32|1772.38|1755.33|1758.36
2022-08-19|1758.86|1759.30|1745.48|1746.84
2022-08-22|1746.83|1749.07|1727.75|1736.09
2022-08-23|1735.98|1754.07|1730.78|1747.76
2022-08-24|1747.85|1755.82|1742.44|1751.22
2022-08-25|1751.20|1765.53|1749.83|1758.64
2022-08-26|1758.57|1758.86|1734.16|1737.73
2022-08-29|1735.96|1745.48|1720.32|1737.48
2022-08-30|1737.15|1740.48|1721.20|1724.25
2022-08-31|1723.48|1726.50|1709.69|1710.95
2022-09-01|1710.98|1711.36|1688.80|1697.49
2022-09-02|1696.58|1718.00|1694.99|1712.10
2022-09-05|1711.76|1715.78|1707.75|1710.08
2022-09-06|1709.61|1726.74|1699.83|1701.83
2022-09-07|1702.09|1719.35|1691.29|1718.24
2022-09-08|1718.35|1728.18|1703.95|1708.47
2022-09-09|1708.78|1729.46|1708.47|1717.36
2022-09-12|1717.26|1735.12|1711.93|1724.65
2022-09-13|1724.94|1731.76|1697.03|1702.28
2022-09-14|1701.77|1707.09|1693.65|1697.33
2022-09-15|1697.50|1698.27|1660.34|1664.63
2022-09-16|1664.71|1680.39|1654.13|1675.23
2022-09-19|1674.50|1679.90|1659.64|1675.63
2022-09-20|1675.90|1679.48|1659.99|1664.80
2022-09-21|1664.93|1688.07|1653.82|1673.69
2022-09-22|1673.38|1684.86|1655.66|1671.22
2022-09-23|1671.36|1675.98|1639.71|1643.39
2022-09-26|1645.23|1649.70|1621.11|1622.43
2022-09-27|1622.14|1642.43|1622.12|1629.16
2022-09-28|1629.16|1662.77|1614.83|1659.92
2022-09-29|1659.58|1664.87|1641.51|1660.48
2022-09-30|1660.56|1675.33|1659.21|1660.85
2022-10-03|1660.66|1701.44|1659.63|1699.58
2022-10-04|1699.33|1729.45|1695.18|1726.30
2022-10-05|1725.83|1727.76|1700.45|1716.21
2022-10-06|1716.72|1725.49|1706.95|1712.42
2022-10-07|1712.48|1714.82|1690.58|1694.83
2022-10-10|1695.55|1699.91|1665.71|1668.02
2022-10-11|1668.49|1683.91|1660.99|1666.14
2022-10-12|1666.35|1678.32|1661.34|1673.10
2022-10-13|1673.82|1682.42|1642.45|1666.08
2022-10-14|1666.27|1671.78|1640.23|1643.77
2022-10-17|1644.12|1668.42|1643.99|1650.55
2022-10-18|1650.39|1660.93|1645.82|1651.95
2022-10-19|1651.83|1654.40|1627.67|1629.04
2022-10-20|1629.24|1645.62|1622.45|1628.06
2022-10-21|1627.86|1657.78|1617.18|1657.69
2022-10-24|1659.53|1670.70|1643.97|1649.38
2022-10-25|1650.04|1662.40|1638.27|1653.10
2022-10-26|1653.03|1674.96|1649.70|1664.60
2022-10-27|1664.04|1670.84|1654.87|1663.29
2022-10-28|1662.84|1667.01|1638.01|1644.29
2022-10-31|1643.22|1645.62|1631.82|1633.54
2022-11-01|1632.96|1657.01|1630.90|1647.68
2022-11-02|1647.80|1669.50|1634.75|1635.07
2022-11-03|1635.41|1640.97|1616.64|1629.57
2022-11-04|1629.43|1681.68|1628.60|1681.10
2022-11-07|1675.17|1681.87|1666.89|1675.26
2022-11-08|1675.02|1716.87|1664.68|1712.39
2022-11-09|1711.71|1722.24|1702.20|1706.97
2022-11-10|1706.52|1757.21|1703.83|1755.45
2022-11-11|1754.30|1772.60|1747.24|1769.99
2022-11-14|1764.42|1775.08|1753.24|1771.09
2022-11-15|1770.83|1786.42|1767.08|1778.59
2022-11-16|1778.63|1785.07|1770.30|1773.73
2022-11-17|1773.38|1774.74|1754.45|1760.14
2022-11-18|1760.38|1767.68|1747.55|1750.20
2022-11-21|1751.15|1752.94|1732.51|1737.68
2022-11-22|1737.97|1749.79|1737.03|1739.92
2022-11-23|1739.98|1753.32|1726.62|1749.40
2022-11-24|1748.86|1758.60|1748.86|1755.08
2022-11-25|1754.84|1761.13|1745.95|1754.32
2022-11-28|1754.39|1763.72|1739.59|1741.46
2022-11-29|1740.47|1758.98|1739.43|1749.64
2022-11-30|1749.21|1769.99|1744.89|1768.40
2022-12-01|1768.27|1804.00|1768.19|1802.82
2022-12-02|1802.10|1804.41|1778.64|1798.68
2022-12-05|1796.34|1809.89|1765.82|1768.61
2022-12-06|1768.37|1780.84|1767.24|1771.00
2022-12-07|1770.76|1790.52|1768.68|1785.99
2022-12-08|1786.17|1794.82|1781.40|1788.89
2022-12-09|1789.69|1806.10|1788.48|1796.88
2022-12-12|1796.47|1797.15|1777.58|1781.27
2022-12-13|1781.08|1824.53|1780.74|1810.47
2022-12-14|1810.47|1813.99|1795.28|1807.25
2022-12-15|1806.70|1808.61|1773.73|1776.70
2022-12-16|1776.83|1794.25|1774.29|1792.91
2022-12-19|1792.85|1798.74|1783.76|1787.58
2022-12-20|1787.62|1821.15|1784.56|1817.60
2022-12-21|1817.93|1823.80|1811.83|1814.07
2022-12-22|1813.85|1820.41|1784.85|1792.38
2022-12-23|1792.71|1803.22|1791.14|1798.15
2022-12-27|1800.55|1833.20|1800.09|1813.48
2022-12-28|1813.30|1814.49|1797.02|1804.22
2022-12-29|1804.24|1820.13|1803.68|1814.78
2022-12-30|1813.93|1826.10|1813.30|1824.32
2023-01-03|1826.72|1849.91|1823.56|1839.47
2023-01-04|1838.83|1865.12|1836.12|1854.61
2023-01-05|1854.61|1858.95|1825.06|1832.87
2023-01-06|1829.35|1869.80|1829.35|1866.45
2023-01-09|1867.51|1881.48|1866.31|1871.63
2023-01-10|1871.44|1880.71|1867.71|1876.89
2023-01-11|1876.70|1886.54|1867.08|1875.68
2023-01-12|1875.21|1901.58|1872.15|1896.72
2023-01-13|1895.67|1921.88|1892.25|1920.56
2023-01-16|1919.38|1928.91|1910.82|1915.63
2023-01-17|1914.86|1918.98|1903.72|1908.49
2023-01-18|1908.46|1925.89|1896.51|1904.24
2023-01-19|1904.36|1935.16|1900.90|1932.07
2023-01-20|1932.25|1937.47|1920.65|1926.79
2023-01-23|1925.89|1935.45|1911.33|1930.80
2023-01-24|1931.05|1942.44|1917.14|1937.24
2023-01-25|1937.17|1947.99|1919.83|1946.12
2023-01-26|1946.50|1949.10|1918.54|1929.04
2023-01-27|1927.72|1935.05|1916.71|1928.50
2023-01-30|1927.87|1934.40|1920.64|1923.07
2023-01-31|1921.25|1930.98|1900.87|1928.06
2023-02-01|1928.42|1954.47|1920.57|1950.06
2023-02-02|1951.17|1959.67|1911.28|1912.57
2023-02-03|1911.65|1918.55|1861.25|1865.71
2023-02-06|1861.75|1881.33|1859.92|1867.56
2023-02-07|1867.29|1884.28|1864.93|1873.66
2023-02-08|1873.05|1886.21|1869.02|1875.42
2023-02-09|1875.49|1890.22|1858.89|1861.54
2023-02-10|1861.83|1872.15|1852.73|1865.29
2023-02-13|1864.73|1866.58|1850.46|1853.36
2023-02-14|1853.43|1870.57|1843.25|1854.34
2023-02-15|1854.39|1860.01|1830.50|1835.79
2023-02-16|1836.08|1845.25|1827.60|1836.37
2023-02-17|1836.68|1843.56|1818.89|1841.88
2023-02-20|1840.68|1847.46|1837.23|1841.18
2023-02-21|1841.62|1843.80|1830.21|1834.90
2023-02-22|1835.04|1846.01|1823.51|1825.14
2023-02-23|1825.28|1833.65|1817.47|1822.24
2023-02-24|1822.10|1827.77|1808.89|1811.14
2023-02-27|1810.76|1820.10|1806.59|1817.17
2023-02-28|1816.83|1831.10|1804.72|1826.63
2023-03-01|1826.63|1844.50|1823.05|1836.55
2023-03-02|1836.76|1838.93|1829.94|1835.57
2023-03-03|1835.57|1856.27|1835.57|1854.65
2023-03-06|1855.24|1858.24|1845.06|1846.56
2023-03-07|1846.39|1851.62|1812.66|1812.94
2023-03-08|1813.49|1824.20|1809.38|1813.66
2023-03-09|1813.77|1835.59|1811.90|1830.74
2023-03-10|1831.12|1870.09|1827.70|1867.33
2023-03-13|1880.85|1914.57|1871.45|1913.54
2023-03-14|1913.45|1914.10|1895.39|1903.89
2023-03-15|1903.48|1937.28|1885.66|1918.09
2023-03-16|1918.23|1933.41|1907.51|1919.28
2023-03-17|1920.46|1987.72|1918.20|1985.84
2023-03-20|1982.74|2009.74|1965.78|1978.67
2023-03-21|1978.77|1985.15|1935.36|1940.46
2023-03-22|1939.46|1978.74|1934.24|1969.55
2023-03-23|1970.21|2003.28|1964.63|1993.64
2023-03-24|1993.13|2002.87|1975.14|1977.67
2023-03-27|1978.35|1979.53|1943.99|1956.33
2023-03-28|1956.26|1975.24|1949.10|1973.48
2023-03-29|1973.26|1974.33|1958.63|1964.33
2023-03-30|1963.71|1984.29|1955.32|1980.17
2023-03-31|1980.41|1987.55|1966.86|1969.29
2023-04-03|1970.43|1990.46|1949.70|1984.37
2023-04-04|1984.20|2024.93|1976.92|2020.47
2023-04-05|2019.95|2032.04|2009.94|2020.70
2023-04-06|2020.83|2021.31|2000.79|2007.01
2023-04-10|1996.07|2006.39|1981.63|1991.14
2023-04-11|1990.92|2007.43|1988.72|2003.54
2023-04-12|2003.45|2028.17|2001.37|2014.89
2023-04-13|2014.36|2048.65|2013.77|2039.94
2023-04-14|2040.33|2047.34|1992.34|2004.54
2023-04-17|1998.50|2015.00|1981.18|1994.88
2023-04-18|1994.83|2011.80|1991.18|2005.23
2023-04-19|2005.12|2008.09|1969.19|1994.71
2023-04-20|1994.12|2012.31|1990.43|2004.56
2023-04-21|2003.94|2005.47|1971.62|1982.65
2023-04-24|1981.08|1990.81|1974.09|1989.01
2023-04-25|1988.83|2003.80|1976.05|1997.08
2023-04-26|1996.66|2009.22|1983.30|1989.15
2023-04-27|1989.97|2003.16|1974.20|1987.69
2023-04-28|1987.99|1994.93|1976.27|1989.67
2023-05-01|1990.74|2005.98|1977.04|1982.48
2023-05-02|1981.63|2019.31|1978.42|2016.61
2023-05-03|2016.60|2040.33|2007.23|2038.52
2023-05-04|2044.73|2075.40|2030.33|2049.98
2023-05-05|2049.73|2052.93|1999.46|2015.80
2023-05-08|2015.96|2029.35|2014.22|2021.44
2023-05-09|2020.84|2037.57|2019.47|2034.38
2023-05-10|2033.83|2048.12|2021.47|2030.18
2023-05-11|2030.01|2041.10|2011.11|2014.88
2023-05-12|2014.84|2022.54|2000.88|2010.71
2023-05-15|2007.52|2022.13|2007.26|2016.34
2023-05-16|2015.83|2018.27|1985.42|1988.73
2023-05-17|1989.06|1992.96|1975.00|1981.51
2023-05-18|1981.05|1985.95|1951.91|1957.39
2023-05-19|1957.78|1984.12|1953.96|1977.58
2023-05-22|1977.43|1982.61|1968.84|1971.65
2023-05-23|1971.82|1977.57|1954.22|1974.91
2023-05-24|1975.10|1985.19|1956.71|1957.16
2023-05-25|1957.39|1964.74|1938.86|1940.69
2023-05-26|1940.39|1957.21|1936.70|1946.48
2023-05-29|1941.70|1949.68|1940.18|1942.91
2023-05-30|1943.42|1963.47|1932.03|1959.23
2023-05-31|1959.21|1974.67|1953.64|1962.51
2023-06-01|1962.72|1983.06|1953.32|1977.34
2023-06-02|1977.19|1983.39|1947.94|1948.23
2023-06-05|1947.58|1963.98|1938.10|1961.66
2023-06-06|1961.44|1966.30|1954.29|1963.13
2023-06-07|1963.38|1970.16|1939.77|1939.81
2023-06-08|1940.31|1970.52|1939.61|1965.47
2023-06-09|1965.73|1972.97|1956.57|1960.44
2023-06-12|1959.79|1966.92|1949.13|1957.37
2023-06-13|1957.28|1970.73|1940.00|1943.57
2023-06-14|1943.18|1960.18|1939.65|1941.68
2023-06-15|1941.53|1960.22|1924.63|1957.86
2023-06-16|1957.38|1967.86|1953.26|1957.34
2023-06-19|1957.48|1958.64|1947.74|1950.32
2023-06-20|1950.60|1956.72|1929.73|1936.16
2023-06-21|1935.87|1939.45|1919.17|1932.64
2023-06-22|1932.13|1934.84|1912.35|1913.64
2023-06-23|1913.77|1937.06|1910.07|1921.43
2023-06-26|1924.71|1933.30|1921.50|1923.00
2023-06-27|1923.27|1930.62|1910.97|1913.52
2023-06-28|1914.05|1917.16|1902.79|1907.29
2023-06-29|1907.62|1913.04|1892.95|1908.12
2023-06-30|1908.33|1922.68|1900.52|1919.13
2023-07-03|1918.72|1930.90|1910.09|1921.42
2023-07-04|1921.23|1930.66|1919.89|1925.65
2023-07-05|1925.31|1935.02|1914.77|1915.08
2023-07-06|1915.28|1927.59|1902.63|1910.80
2023-07-07|1910.68|1934.90|1909.52|1925.10
2023-07-10|1924.53|1928.13|1912.62|1925.17
2023-07-11|1925.23|1938.41|1924.34|1932.08
2023-07-12|1932.27|1959.65|1932.18|1957.32
2023-07-13|1957.10|1963.41|1952.43|1960.35
2023-07-14|1960.28|1963.71|1950.93|1955.32
2023-07-17|1954.68|1959.80|1945.74|1954.79
2023-07-18|1954.52|1984.33|1954.50|1978.73
2023-07-19|1978.75|1980.85|1969.76|1976.84
2023-07-20|1975.80|1987.40|1965.31|1969.35
2023-07-21|1970.19|1973.72|1956.79|1961.87
2023-07-24|1962.41|1967.81|1953.42|1954.75
2023-07-25|1955.28|1965.65|1951.42|1964.83
2023-07-26|1965.01|1978.31|1961.97|1972.08
2023-07-27|1971.23|1982.11|1942.53|1945.49
2023-07-28|1946.42|1963.48|1945.43|1959.00
2023-07-31|1958.87|1972.34|1951.07|1965.37
2023-08-01|1965.64|1965.96|1941.22|1944.04
2023-08-02|1949.51|1954.74|1933.12|1934.75
2023-08-03|1935.04|1938.83|1929.48|1934.03
2023-08-04|1934.21|1946.71|1925.22|1942.70
2023-08-07|1942.21|1946.65|1931.43|1936.42
2023-08-08|1936.46|1938.02|1922.76|1925.02
2023-08-09|1925.01|1932.30|1913.99|1914.63
2023-08-10|1914.82|1930.08|1912.11|1912.19
2023-08-11|1912.56|1920.87|1910.76|1913.83
2023-08-14|1913.67|1916.18|1902.66|1907.32
2023-08-15|1907.37|1911.58|1896.35|1901.76
2023-08-16|1901.70|1907.15|1891.72|1891.79
2023-08-17|1892.15|1903.40|1885.05|1889.25
2023-08-18|1889.44|1896.84|1886.74|1889.60
2023-08-21|1889.80|1898.74|1884.78|1894.64
2023-08-22|1894.68|1904.39|1889.14|1897.28
2023-08-23|1897.40|1920.35|1897.34|1915.36
2023-08-24|1915.44|1923.31|1911.80|1916.70
2023-08-25|1917.21|1922.33|1903.77|1913.94
2023-08-28|1915.50|1926.03|1912.77|1920.10
2023-08-29|1920.16|1938.14|1914.43|1937.34
2023-08-30|1937.24|1948.99|1934.95|1942.23
2023-08-31|1942.90|1947.86|1939.09|1940.01
2023-09-01|1940.07|1952.89|1934.47|1939.85
2023-09-04|1940.39|1946.26|1936.77|1938.31
2023-09-05|1938.64|1938.93|1925.33|1925.95
2023-09-06|1926.16|1929.13|1915.26|1916.38
2023-09-07|1917.66|1923.59|1916.26|1919.58
2023-09-08|1919.67|1929.67|1917.32|1918.98
2023-09-11|1920.48|1930.68|1916.68|1922.28
2023-09-12|1922.68|1924.47|1907.56|1913.28
2023-09-13|1913.15|1915.70|1905.55|1908.10
2023-09-14|1908.78|1912.86|1900.94|1910.52
2023-09-15|1910.91|1930.35|1909.72|1923.52
2023-09-18|1923.57|1934.19|1922.51|1933.58
2023-09-19|1933.69|1937.33|1929.77|1931.31
2023-09-20|1932.02|1947.41|1927.91|1930.33
2023-09-21|1930.28|1931.43|1913.91|1919.98
2023-09-22|1919.39|1929.05|1919.38|1925.09
2023-09-25|1925.12|1927.16|1915.13|1915.76
2023-09-26|1916.10|1916.75|1899.11|1900.55
2023-09-27|1900.59|1903.91|1872.50|1874.98
2023-09-28|1876.15|1879.54|1857.64|1864.82
2023-09-29|1865.21|1879.84|1846.31|1849.09
2023-10-02|1847.04|1848.89|1827.16|1827.79
2023-10-03|1828.96|1833.31|1815.20|1822.91
2023-10-04|1823.42|1830.48|1816.61|1821.04
2023-10-05|1821.43|1829.15|1813.04|1820.11
2023-10-06|1820.57|1834.84|1810.40|1831.58
2023-10-09|1849.91|1863.47|1844.18|1861.32
2023-10-10|1861.32|1865.42|1852.96|1860.39
2023-10-11|1860.13|1877.20|1858.59|1874.24
2023-10-12|1874.75|1884.95|1867.88|1868.70
2023-10-13|1868.96|1930.75|1868.96|1929.94
2023-10-16|1923.46|1927.61|1908.14|1920.13
2023-10-17|1919.96|1931.54|1912.37|1923.04
2023-10-18|1923.93|1962.58|1923.27|1947.55
2023-10-19|1947.77|1977.68|1945.19|1974.31
2023-10-20|1973.56|1997.17|1971.96|1980.31
2023-10-23|1969.04|1982.77|1964.32|1972.71
2023-10-24|1973.44|1980.82|1953.64|1970.99
2023-10-25|1970.92|1987.22|1963.06|1979.50
2023-10-26|1980.44|1993.43|1971.73|1984.88
2023-10-27|1984.55|2009.38|1976.82|2005.70
2023-10-30|2004.68|2006.68|1990.92|1996.13
2023-10-31|1995.60|2007.92|1978.78|1983.95
2023-11-01|1983.60|1992.01|1969.85|1982.69
2023-11-02|1983.46|1991.02|1978.80|1985.83
2023-11-03|1986.12|2004.09|1983.21|1992.43
2023-11-06|1992.24|1993.07|1977.65|1977.71
2023-11-07|1977.99|1978.27|1956.69|1968.86
2023-11-08|1968.85|1970.99|1947.41|1949.73
2023-11-09|1950.51|1965.56|1944.64|1957.21
2023-11-10|1958.68|1960.83|1932.98|1935.40
2023-11-13|1938.76|1949.18|1931.68|1946.48
2023-11-14|1946.26|1970.84|1943.74|1963.92
2023-11-15|1962.77|1975.07|1955.43|1959.24
2023-11-16|1960.00|1987.98|1956.43|1981.37
2023-11-17|1980.48|1993.37|1978.61|1980.60
2023-11-20|1977.77|1985.14|1965.49|1977.66
2023-11-21|1977.73|2007.54|1977.68|1998.85
2023-11-22|1998.58|2006.35|1986.91|1989.62
2023-11-23|1988.78|1998.51|1988.68|1992.33
2023-11-24|1992.78|2003.58|1991.44|2002.06
2023-11-27|2000.78|2018.02|2000.39|2014.34
2023-11-28|2013.14|2042.99|2011.60|2041.30
2023-11-29|2041.21|2051.93|2035.39|2044.91
2023-11-30|2044.73|2047.22|2031.31|2035.40
2023-12-01|2036.70|2075.30|2033.91|2070.36
2023-12-04|2071.84|2143.31|2020.12|2026.87
2023-12-05|2029.58|2041.16|2009.90|2018.97
2023-12-06|2018.15|2035.83|2017.23|2026.33
2023-12-07|2025.63|2039.92|2020.18|2029.29
2023-12-08|2028.38|2034.05|1994.65|2003.10
2023-12-11|2003.19|2007.72|1975.83|1980.86
2023-12-12|1981.78|1996.67|1977.22|1979.43
2023-12-13|1979.58|2022.46|1973.03|2022.29
2023-12-14|2027.82|2047.87|2023.91|2036.19
2023-12-15|2036.18|2044.87|2015.62|2019.53
2023-12-18|2019.37|2033.67|2016.02|2026.87
2023-12-19|2026.04|2046.96|2021.69|2040.03
2023-12-20|2039.96|2043.46|2029.59|2030.09
2023-12-21|2032.03|2046.05|2031.46|2043.86
2023-12-22|2047.93|2070.60|2046.78|2052.81
2023-12-26|2052.96|2068.39|2052.44|2068.39
2023-12-27|2067.98|2084.44|2061.45|2078.17
2023-12-28|2077.49|2088.43|2065.96|2066.03
2023-12-29|2065.98|2074.75|2058.20|2063.37
2024-01-02|2063.15|2078.87|2055.82|2058.27
2024-01-03|2058.78|2065.93|2030.59|2041.32
2024-01-04|2041.08|2050.93|2036.23|2043.35
2024-01-05|2043.58|2063.98|2024.39|2044.78
2024-01-08|2044.41|2046.58|2016.77|2027.36
2024-01-09|2028.03|2041.97|2026.04|2028.71
2024-01-10|2030.13|2040.17|2020.45|2023.05
2024-01-11|2024.05|2039.65|2013.31|2028.14
2024-01-12|2028.58|2062.22|2028.58|2046.80
2024-01-15|2047.98|2058.59|2045.82|2054.62
2024-01-16|2054.29|2055.55|2024.26|2028.35
2024-01-17|2028.03|2032.95|2001.79|2006.01
2024-01-18|2005.19|2022.68|2005.19|2022.34
2024-01-19|2023.98|2039.41|2020.34|2027.87
2024-01-22|2029.24|2032.12|2016.48|2020.62
2024-01-23|2021.58|2037.89|2019.58|2028.63
2024-01-24|2028.85|2036.65|2011.20|2011.79
2024-01-25|2013.98|2025.36|2009.38|2019.36
2024-01-26|2020.29|2026.80|2015.93|2018.86
2024-01-29|2022.58|2037.55|2019.25|2032.04
2024-01-30|2032.78|2048.57|2029.03|2036.00
2024-01-31|2037.08|2056.01|2030.81|2033.19
2024-02-01|2038.98|2065.42|2030.03|2055.14
2024-02-02|2054.64|2057.64|2027.80|2037.29
2024-02-05|2039.69|2042.15|2014.87|2025.18
2024-02-06|2024.87|2038.89|2022.89|2035.58
2024-02-07|2035.37|2044.60|2030.55|2034.81
2024-02-08|2035.38|2038.70|2020.18|2032.98
2024-02-09|2034.47|2037.20|2020.31|2024.81
2024-02-12|2023.58|2027.58|2011.89|2020.21
2024-02-13|2019.77|2032.26|1990.06|1992.73
2024-02-14|1993.14|1996.15|1984.24|1991.01
2024-02-15|1991.89|2008.25|1990.26|2004.13
2024-02-16|2004.16|2015.12|1995.03|2012.65
2024-02-19|2013.78|2022.95|2010.42|2017.76
2024-02-20|2017.79|2030.90|2014.99|2024.41
2024-02-21|2024.04|2032.17|2020.01|2024.33
2024-02-22|2025.96|2034.92|2019.61|2024.43
2024-02-23|2024.19|2041.32|2016.07|2036.14
2024-02-26|2033.36|2036.96|2025.03|2032.29
2024-02-27|2031.00|2039.45|2028.77|2030.28
2024-02-28|2030.29|2037.86|2024.47|2034.01
2024-02-29|2034.39|2050.69|2028.05|2044.21
2024-03-01|2043.49|2088.28|2039.04|2084.37
2024-03-04|2081.96|2119.87|2079.45|2116.80
2024-03-05|2114.45|2141.73|2110.43|2129.61
2024-03-06|2128.12|2152.18|2123.66|2146.44
2024-03-07|2148.42|2164.67|2144.23|2158.78
2024-03-08|2159.21|2195.11|2154.02|2178.09
2024-03-11|2180.80|2189.01|2174.79|2182.71
2024-03-12|2182.02|2184.73|2150.61|2158.14
2024-03-13|2158.56|2179.80|2155.81|2174.23
2024-03-14|2174.99|2176.96|2152.72|2162.15
2024-03-15|2162.14|2172.66|2155.17|2156.10
2024-03-18|2152.40|2163.52|2146.08|2160.34
2024-03-19|2160.17|2162.78|2147.07|2157.58
2024-03-20|2157.82|2188.77|2149.57|2186.20
2024-03-21|2186.42|2222.68|2166.30|2181.29
2024-03-22|2181.08|2186.04|2157.09|2165.47
2024-03-25|2165.38|2181.29|2163.51|2171.64
2024-03-26|2171.71|2199.97|2167.62|2178.62
2024-03-27|2177.63|2197.59|2173.14|2194.84
2024-03-28|2191.12|2236.13|2187.34|2232.79
2024-04-01|2240.09|2265.62|2228.47|2251.28
2024-04-02|2250.97|2281.00|2246.70|2280.47
2024-04-03|2280.93|2301.17|2265.40|2299.61
2024-04-04|2299.71|2305.61|2279.87|2290.93
2024-04-05|2291.01|2330.47|2267.77|2328.38
2024-04-08|2322.14|2353.84|2302.89|2338.99
2024-04-09|2337.97|2365.34|2336.82|2352.42
2024-04-10|2352.83|2360.05|2319.43|2333.53
2024-04-11|2332.86|2377.68|2325.64|2372.31
2024-04-12|2371.25|2431.47|2333.79|2344.72
2024-04-15|2362.40|2387.62|2324.22|2383.20
2024-04-16|2380.74|2398.32|2363.02|2382.61
2024-04-17|2383.05|2395.59|2354.38|2361.11
2024-04-18|2363.33|2392.78|2363.21|2378.91
2024-04-19|2378.46|2417.81|2372.84|2390.52
2024-04-22|2386.32|2388.44|2324.85|2327.11
2024-04-23|2328.58|2334.44|2291.31|2322.10
2024-04-24|2321.82|2337.29|2311.77|2315.93
2024-04-25|2315.78|2344.86|2304.81|2332.40
2024-04-26|2331.97|2352.59|2326.25|2337.43
2024-04-29|2335.52|2346.71|2319.84|2335.41
2024-04-30|2334.34|2336.21|2285.12|2286.14
2024-05-01|2286.70|2328.28|2281.62|2319.32
2024-05-02|2319.10|2326.50|2285.43|2303.66
2024-05-03|2303.81|2320.55|2277.09|2301.88
2024-05-06|2303.02|2331.99|2291.83|2323.91
2024-05-07|2324.13|2329.98|2309.92|2313.97
2024-05-08|2313.74|2321.44|2303.63|2308.79
2024-05-09|2308.10|2347.20|2306.57|2345.97
2024-05-10|2345.94|2378.39|2345.22|2360.82
2024-05-13|2360.49|2364.46|2331.89|2336.27
2024-05-14|2336.24|2359.68|2334.81|2357.84
2024-05-15|2357.20|2390.19|2351.80|2385.78
2024-05-16|2385.57|2397.37|2370.77|2376.65
2024-05-17|2377.48|2422.68|2373.94|2414.36
2024-05-20|2419.40|2450.04|2407.31|2426.27
2024-05-21|2427.25|2433.88|2406.04|2420.83
2024-05-22|2420.87|2426.50|2374.92|2378.58
2024-05-23|2378.19|2383.68|2326.91|2328.51
2024-05-24|2328.73|2347.41|2325.36|2333.79
2024-05-27|2335.64|2358.50|2332.26|2350.99
2024-05-28|2351.71|2364.04|2340.30|2361.13
2024-05-29|2362.00|2362.49|2334.32|2338.02
2024-05-30|2338.07|2351.84|2322.58|2342.95
2024-05-31|2344.31|2359.65|2320.59|2327.51
2024-06-03|2327.51|2354.70|2314.70|2350.60
2024-06-04|2351.90|2352.79|2315.56|2326.82
2024-06-05|2327.27|2357.39|2325.86|2355.12
2024-06-06|2356.91|2378.48|2353.32|2375.72
2024-06-07|2376.81|2387.67|2286.72|2293.04
2024-06-10|2294.49|2313.75|2287.60|2310.87
2024-06-11|2311.81|2319.94|2297.72|2316.81
2024-06-12|2316.53|2341.60|2310.64|2324.86
2024-06-13|2324.30|2326.67|2295.55|2303.82
2024-06-14|2302.99|2336.63|2301.49|2332.69
2024-06-17|2332.69|2332.69|2309.87|2319.05
2024-06-18|2320.03|2333.11|2306.55|2329.33
2024-06-19|2329.67|2334.91|2323.73|2328.09
2024-06-20|2329.97|2365.47|2327.73|2360.01
2024-06-21|2360.22|2368.69|2316.67|2321.36
2024-06-24|2318.53|2334.69|2317.68|2334.38
2024-06-25|2333.94|2337.08|2315.45|2319.46
2024-06-26|2319.33|2324.02|2293.45|2298.10
2024-06-27|2297.96|2330.89|2296.47|2327.43
2024-06-28|2327.66|2339.69|2319.05|2326.39
2024-07-01|2326.05|2338.51|2318.52|2331.69
2024-07-02|2332.58|2336.80|2318.81|2329.31
2024-07-03|2330.13|2364.94|2326.88|2356.03
2024-07-04|2356.95|2362.52|2350.39|2356.77
2024-07-05|2356.89|2392.90|2348.73|2391.00
2024-07-08|2387.35|2391.07|2350.77|2359.12
2024-07-09|2359.15|2371.49|2349.21|2363.75
2024-07-10|2363.88|2386.65|2362.97|2371.23
2024-07-11|2371.76|2424.52|2371.20|2415.24
2024-07-12|2414.71|2418.24|2391.35|2411.58
2024-07-15|2412.67|2439.72|2401.32|2422.18
2024-07-16|2421.84|2469.56|2419.99|2468.65
2024-07-17|2468.40|2483.64|2451.46|2458.63
2024-07-18|2458.43|2474.89|2440.32|2445.05
2024-07-19|2445.12|2445.29|2393.62|2400.38
2024-07-22|2403.71|2412.14|2383.82|2396.31
2024-07-23|2397.33|2412.01|2388.24|2409.47
2024-07-24|2408.72|2431.98|2396.72|2397.12
2024-07-25|2397.95|2401.16|2353.10|2364.51
2024-07-26|2363.93|2390.75|2355.78|2388.29
2024-07-29|2388.11|2403.07|2369.51|2383.46
2024-07-30|2382.60|2412.79|2376.45|2410.92
2024-07-31|2409.54|2450.96|2403.71|2447.23
2024-08-01|2448.83|2462.29|2430.16|2446.25
2024-08-02|2446.49|2477.67|2410.78|2441.31
2024-08-05|2443.90|2458.60|2364.15|2409.94
2024-08-06|2410.17|2418.31|2381.42|2389.87
2024-08-07|2389.57|2407.03|2379.00|2382.99
2024-08-08|2382.26|2427.57|2381.04|2427.24
2024-08-09|2426.40|2437.03|2416.82|2430.97
2024-08-12|2429.86|2473.10|2423.70|2471.97
2024-08-13|2470.67|2476.91|2458.45|2464.90
2024-08-14|2466.79|2479.82|2437.85|2447.84
2024-08-15|2447.37|2470.02|2432.05|2456.33
2024-08-16|2455.90|2509.75|2450.78|2507.00
2024-08-19|2508.95|2509.98|2485.38|2504.18
2024-08-20|2503.33|2531.73|2497.31|2513.91
2024-08-21|2513.47|2519.99|2493.65|2512.34
2024-08-22|2511.58|2514.67|2470.85|2484.60
2024-08-23|2484.81|2518.39|2484.38|2511.90
2024-08-26|2511.71|2526.88|2508.74|2517.88
2024-08-27|2518.10|2525.97|2503.27|2524.60
2024-08-28|2525.25|2528.96|2493.43|2504.56
2024-08-29|2504.84|2528.67|2503.49|2521.03
2024-08-30|2520.86|2526.90|2493.89|2503.44
2024-09-02|2502.76|2507.33|2489.86|2499.56
2024-09-03|2499.21|2506.12|2473.09|2492.87
2024-09-04|2492.70|2500.20|2471.69|2495.33
2024-09-05|2495.33|2523.38|2493.78|2516.59
2024-09-06|2516.58|2529.24|2484.91|2497.09
2024-09-09|2496.53|2507.22|2485.47|2506.21
2024-09-10|2506.13|2518.31|2499.96|2516.60
2024-09-11|2516.37|2528.90|2500.73|2511.55
2024-09-12|2511.59|2560.06|2510.89|2558.60
2024-09-13|2558.09|2586.09|2556.73|2579.41
2024-09-16|2578.64|2589.68|2575.13|2582.43
2024-09-17|2582.26|2586.96|2560.63|2569.49
2024-09-18|2569.62|2600.16|2546.92|2559.31
2024-09-19|2557.78|2594.88|2551.01|2586.72
2024-09-20|2586.34|2625.80|2584.77|2622.19
2024-09-23|2619.71|2634.81|2613.64|2628.37
2024-09-24|2627.14|2664.40|2622.41|2657.14
2024-09-25|2658.59|2670.39|2649.55|2657.04
2024-09-26|2657.46|2685.51|2654.76|2672.25
2024-09-27|2671.83|2674.20|2642.97|2658.69
2024-09-30|2658.32|2665.99|2624.65|2634.53
2024-10-01|2633.27|2673.17|2632.30|2663.28
2024-10-02|2662.00|2663.17|2640.91|2658.61
2024-10-03|2658.41|2662.73|2637.13|2655.94
2024-10-04|2656.96|2670.22|2631.92|2652.70
2024-10-07|2650.82|2659.67|2637.80|2642.60
2024-10-08|2642.44|2652.96|2604.50|2621.88
2024-10-09|2621.74|2624.26|2605.16|2607.67
2024-10-10|2608.42|2631.47|2601.78|2630.01
2024-10-11|2629.12|2661.43|2628.08|2657.03
2024-10-14|2652.37|2666.56|2643.20|2648.48
2024-10-15|2647.96|2668.95|2638.10|2662.60
2024-10-16|2662.08|2685.19|2658.66|2673.64
2024-10-17|2674.00|2696.77|2673.07|2692.78
2024-10-18|2692.43|2722.54|2692.27|2722.20
2024-10-21|2720.62|2740.53|2714.13|2719.56
2024-10-22|2718.96|2748.89|2718.85|2748.80
2024-10-23|2747.67|2758.45|2708.54|2715.46
2024-10-24|2715.84|2743.28|2715.06|2735.84
2024-10-25|2735.48|2747.59|2716.98|2746.27
2024-10-28|2732.10|2745.97|2724.70|2742.21
2024-10-29|2741.48|2774.80|2739.82|2774.38
2024-10-30|2773.41|2790.02|2770.67|2787.20
2024-10-31|2786.90|2790.12|2731.26|2743.86
2024-11-01|2743.95|2762.25|2732.97|2735.04
2024-11-04|2736.26|2748.12|2729.59|2736.52
2024-11-05|2737.74|2750.00|2724.70|2743.78
2024-11-06|2742.40|2749.73|2652.48|2658.75
2024-11-07|2659.91|2710.19|2643.12|2706.37
2024-11-08|2704.29|2710.42|2680.25|2684.45
2024-11-11|2684.58|2686.18|2610.62|2619.38
2024-11-12|2620.14|2626.91|2589.40|2598.05
2024-11-13|2598.13|2618.54|2572.53|2572.81
2024-11-14|2571.89|2581.37|2536.57|2564.49
2024-11-15|2564.89|2576.03|2554.27|2561.71
2024-11-18|2567.63|2615.01|2566.51|2611.63
2024-11-19|2611.03|2639.39|2610.37|2632.12
2024-11-20|2632.12|2655.44|2618.58|2649.97
2024-11-21|2650.75|2673.55|2648.79|2669.38
2024-11-22|2669.85|2715.27|2668.15|2714.41
2024-11-25|2704.84|2721.38|2615.67|2625.47
2024-11-26|2626.21|2641.95|2605.15|2632.94
2024-11-27|2631.39|2658.14|2626.94|2635.85
2024-11-28|2636.94|2649.61|2620.80|2637.66
2024-11-29|2638.61|2666.24|2633.85|2650.44
2024-12-02|2650.08|2651.52|2621.59|2638.66
2024-12-03|2638.83|2655.64|2633.85|2643.49
2024-12-04|2642.93|2657.18|2632.19|2649.71
2024-12-05|2649.02|2655.55|2623.57|2631.76
2024-12-06|2631.93|2645.71|2613.09|2632.93
2024-12-09|2646.71|2676.42|2627.44|2660.01
2024-12-10|2660.88|2695.52|2657.83|2693.80
2024-12-11|2693.45|2721.17|2675.32|2717.79
2024-12-12|2716.91|2726.05|2674.95|2680.53
2024-12-13|2680.86|2692.79|2646.04|2648.46
2024-12-16|2650.00|2664.43|2643.38|2652.58
2024-12-17|2652.32|2658.68|2632.89|2646.45
2024-12-18|2646.36|2651.75|2583.60|2585.26
2024-12-19|2583.64|2626.45|2582.57|2594.57
2024-12-20|2594.77|2631.98|2589.71|2622.14
2024-12-23|2620.02|2636.64|2608.10|2612.52
2024-12-24|2611.64|2621.53|2610.04|2616.49
2024-12-26|2615.63|2639.11|2614.13|2633.45
2024-12-27|2632.68|2638.24|2611.71|2620.97
2024-12-30|2619.80|2628.08|2596.07|2605.90
2024-12-31|2606.02|2627.60|2602.48|2623.80
2025-01-02|2624.91|2660.51|2621.58|2657.96
2025-01-03|2657.53|2665.12|2636.65|2639.44
2025-01-06|2641.41|2649.40|2614.28|2635.93
2025-01-07|2636.04|2664.26|2632.87|2648.49
2025-01-08|2648.51|2669.96|2645.28|2661.53
2025-01-09|2661.56|2678.15|2655.34|2670.23
2025-01-10|2670.98|2697.90|2663.98|2689.04
2025-01-13|2688.79|2693.35|2656.71|2662.90
2025-01-14|2663.22|2678.18|2659.81|2677.15
2025-01-15|2677.93|2697.32|2669.26|2696.18
2025-01-16|2694.43|2724.81|2689.80|2714.34
2025-01-17|2714.05|2717.40|2699.20|2702.37
2025-01-20|2702.37|2713.60|2689.36|2706.20
2025-01-21|2706.81|2745.90|2702.88|2744.66
2025-01-22|2744.80|2763.41|2741.89|2756.04
2025-01-23|2755.70|2758.87|2735.72|2754.48
2025-01-24|2754.80|2786.00|2753.43|2771.60
2025-01-27|2767.59|2772.62|2730.31|2740.62
2025-01-28|2740.74|2764.98|2734.70|2763.26
2025-01-29|2762.93|2766.22|2744.83|2759.72
2025-01-30|2759.22|2798.36|2757.91|2794.10
2025-01-31|2794.98|2817.21|2790.84|2800.57
2025-02-03|2802.07|2830.64|2772.10|2814.56
2025-02-04|2813.06|2845.40|2807.22|2841.89
2025-02-05|2840.90|2882.30|2839.65|2867.08
2025-02-06|2867.46|2873.25|2833.96|2855.66
2025-02-07|2855.86|2886.86|2852.17|2861.82
2025-02-10|2855.81|2911.47|2855.70|2907.79
2025-02-11|2907.56|2942.65|2881.34|2897.37
2025-02-12|2897.08|2909.16|2864.20|2903.81
2025-02-13|2904.35|2929.35|2900.52|2928.29
2025-02-14|2928.13|2939.94|2876.73|2882.71
2025-02-17|2885.90|2906.44|2878.53|2899.05
2025-02-18|2898.60|2936.97|2891.78|2935.11
2025-02-19|2934.34|2946.97|2918.48|2932.99
2025-02-20|2933.25|2954.96|2924.21|2939.06
2025-02-21|2938.17|2949.69|2916.64|2935.98
2025-02-24|2934.27|2956.18|2921.14|2952.43
2025-02-25|2952.94|2953.67|2887.99|2914.85
2025-02-26|2915.20|2929.91|2890.76|2916.30
2025-02-27|2916.74|2920.75|2867.72|2876.86
2025-02-28|2877.32|2885.01|2832.48|2858.81
2025-03-03|2860.06|2895.19|2858.66|2892.95
2025-03-04|2891.94|2927.85|2881.87|2917.81
2025-03-05|2917.82|2929.97|2894.29|2918.85
2025-03-06|2918.78|2926.60|2891.01|2910.86
2025-03-07|2911.60|2930.27|2896.93|2912.13
2025-03-10|2911.56|2918.11|2880.15|2889.14
2025-03-11|2888.09|2922.02|2879.84|2915.61
2025-03-12|2915.62|2940.49|2905.92|2933.29
2025-03-13|2933.50|2989.19|2932.66|2988.76
2025-03-14|2988.26|3004.82|2978.27|2988.31
2025-03-17|2984.59|3001.89|2982.27|3000.85
2025-03-18|3001.38|3038.10|2999.39|3033.83
2025-03-19|3033.92|3051.69|3022.48|3047.16
2025-03-20|3048.55|3057.42|3025.77|3044.61
2025-03-21|3044.78|3047.51|2999.11|3023.03
2025-03-24|3023.82|3033.33|3002.45|3011.88
2025-03-25|3011.05|3035.96|3007.41|3019.81
2025-03-26|3019.47|3032.01|3012.00|3019.14
2025-03-27|3019.31|3059.62|3017.53|3056.72
2025-03-28|3055.90|3086.74|3054.15|3083.97
2025-03-31|3087.90|3127.71|3076.68|3123.99
2025-04-01|3124.73|3148.94|3100.78|3114.10
2025-04-02|3114.01|3141.91|3105.10|3130.97
2025-04-03|3131.52|3167.68|3054.05|3114.27
2025-04-04|3114.01|3136.22|3015.67|3036.77
2025-04-07|3028.80|3055.42|2956.46|2981.85
2025-04-08|2982.28|3022.70|2974.83|2982.02
2025-04-09|2983.85|3099.53|2970.10|3082.77
2025-04-10|3080.68|3176.43|3071.40|3175.38
2025-04-11|3176.87|3245.13|3175.95|3237.94
2025-04-14|3219.10|3245.67|3193.65|3210.64
2025-04-15|3211.92|3233.66|3209.77|3229.43
2025-04-16|3230.45|3342.85|3229.68|3342.79
2025-04-17|3343.17|3357.78|3283.79|3327.12
2025-04-21|3331.29|3430.39|3328.96|3424.13
2025-04-22|3423.85|3499.99|3366.71|3381.00
2025-04-23|3321.96|3386.56|3259.96|3288.35
2025-04-24|3290.74|3367.23|3290.74|3348.68
2025-04-25|3354.47|3370.97|3265.06|3316.31
2025-04-28|3329.58|3353.06|3267.98|3344.13
2025-04-29|3345.19|3348.61|3299.42|3316.93
2025-04-30|3315.82|3328.01|3266.58|3288.61
2025-05-01|3287.66|3290.04|3201.70|3237.61
2025-05-02|3240.73|3269.17|3222.64|3240.62
2025-05-05|3241.79|3337.52|3237.67|3333.56
2025-05-06|3335.68|3434.68|3323.20|3430.51
2025-05-07|3425.84|3430.24|3360.00|3364.26
2025-05-08|3366.96|3414.65|3288.76|3305.78
2025-05-09|3307.84|3347.48|3274.81|3325.42
2025-05-12|3287.71|3291.71|3207.71|3234.80
2025-05-13|3238.96|3265.43|3215.51|3250.13
2025-05-14|3252.02|3257.01|3167.67|3177.43
2025-05-15|3178.06|3240.62|3120.34|3239.87
2025-05-16|3239.29|3252.27|3154.11|3201.36
2025-05-19|3212.17|3249.79|3206.23|3230.18
2025-05-20|3228.87|3295.70|3204.57|3289.89
2025-05-21|3291.30|3324.89|3285.40|3315.10
2025-05-22|3319.25|3345.35|3279.18|3294.81
2025-05-23|3295.46|3365.88|3286.92|3360.07
2025-05-26|3352.87|3356.59|3323.56|3342.19
2025-05-27|3343.45|3349.87|3285.13|3300.51
2025-05-28|3301.67|3325.53|3276.55|3288.45
2025-05-29|3286.59|3330.96|3245.46|3317.65
2025-05-30|3319.51|3322.77|3271.18|3291.15
2025-06-02|3298.03|3382.95|3298.03|3381.68
2025-06-03|3383.66|3392.18|3333.18|3353.41
2025-06-04|3355.56|3384.58|3343.43|3372.32
2025-06-05|3373.13|3403.57|3339.27|3352.61
2025-06-06|3354.47|3375.49|3307.12|3311.93
2025-06-09|3315.33|3338.29|3293.22|3325.58
2025-06-10|3326.92|3349.11|3301.74|3322.53
2025-06-11|3321.42|3360.73|3315.56|3355.14
2025-06-12|3358.36|3398.88|3338.78|3386.95
2025-06-13|3386.13|3446.76|3379.71|3432.55
2025-06-16|3442.76|3451.34|3382.50|3385.38
2025-06-17|3386.40|3403.35|3366.28|3388.63
2025-06-18|3392.22|3400.01|3362.41|3369.42
2025-06-19|3370.71|3387.80|3347.34|3370.35
2025-06-20|3369.16|3374.49|3340.04|3368.99
2025-06-23|3391.29|3394.68|3347.13|3369.24
2025-06-24|3368.31|3368.81|3295.41|3323.13
2025-06-25|3324.17|3336.99|3311.80|3332.18
2025-06-26|3334.67|3350.28|3309.55|3327.89
2025-06-27|3327.17|3327.57|3255.63|3274.65
2025-06-30|3280.46|3309.44|3246.35|3302.95
2025-07-01|3303.12|3358.05|3302.36|3339.02
2025-07-02|3337.59|3360.04|3327.57|3356.98
2025-07-03|3358.87|3365.77|3311.34|3326.11
2025-07-04|3326.22|3345.13|3323.61|3337.13
2025-07-07|3337.36|3342.68|3296.50|3336.32
2025-07-08|3339.55|3345.83|3286.69|3301.71
2025-07-09|3302.93|3316.88|3282.41|3313.66
2025-07-10|3314.02|3330.31|3310.23|3323.86
2025-07-11|3325.14|3368.73|3321.92|3357.32
2025-07-14|3362.93|3374.99|3341.10|3343.34
2025-07-15|3342.78|3366.37|3320.31|3324.96
2025-07-16|3324.02|3376.98|3319.40|3347.55
2025-07-17|3349.52|3352.23|3309.67|3339.07
2025-07-18|3339.57|3361.26|3331.75|3350.68
2025-07-21|3348.84|3401.57|3344.97|3397.16
2025-07-22|3398.33|3433.53|3383.37|3431.66
2025-07-23|3431.25|3438.98|3381.25|3387.22
2025-07-24|3389.65|3393.33|3351.00|3368.56
2025-07-25|3368.42|3373.55|3325.06|3336.63
2025-07-28|3329.34|3345.33|3301.35|3314.60
2025-07-29|3313.86|3334.13|3307.70|3326.62
2025-07-30|3326.82|3334.02|3267.95|3275.02
2025-07-31|3275.29|3314.87|3273.90|3290.03
2025-08-01|3289.89|3363.47|3281.43|3363.21
2025-08-04|3364.55|3385.45|3344.95|3373.69
2025-08-05|3374.31|3390.46|3349.86|3380.74
2025-08-06|3380.97|3385.38|3358.07|3369.30
2025-08-07|3370.56|3401.79|3365.23|3396.15
2025-08-08|3401.26|3407.86|3376.25|3397.02
2025-08-11|3403.61|3405.07|3341.03|3342.93
2025-08-12|3342.83|3358.96|3330.81|3348.20
2025-08-13|3349.76|3370.47|3342.51|3356.02
2025-08-14|3357.18|3374.82|3329.74|3335.38
2025-08-15|3337.02|3348.79|3332.36|3335.94
2025-08-18|3336.39|3358.45|3323.50|3332.88
2025-08-19|3333.86|3345.31|3314.84|3315.57
2025-08-20|3316.50|3350.21|3311.42|3348.16
2025-08-21|3350.09|3352.27|3325.16|3338.52
2025-08-22|3339.07|3378.85|3321.29|3371.95
2025-08-25|3371.25|3376.22|3359.51|3365.55
2025-08-26|3365.83|3393.67|3351.37|3393.62
2025-08-27|3394.10|3398.54|3373.51|3397.45
2025-08-28|3398.31|3423.15|3384.37|3416.90
2025-08-29|3416.67|3453.99|3404.16|3448.12
2025-09-01|3444.29|3489.89|3437.04|3476.39
2025-09-02|3474.73|3539.96|3470.04|3533.33
2025-09-03|3530.61|3578.54|3526.35|3559.20
2025-09-04|3559.97|3564.14|3511.22|3545.75
2025-09-05|3543.92|3599.99|3540.14|3587.32
2025-09-08|3583.72|3646.50|3579.47|3636.01
2025-09-09|3634.80|3674.57|3625.84|3626.21
2025-09-10|3625.04|3657.55|3620.28|3640.50
2025-09-11|3642.71|3649.19|3613.13|3633.81
2025-09-12|3634.55|3656.70|3630.46|3643.41
2025-09-15|3644.67|3685.52|3626.51|3678.89
2025-09-16|3680.72|3702.99|3674.45|3689.89
2025-09-17|3689.58|3707.42|3646.25|3659.92
2025-09-18|3661.25|3672.99|3627.77|3644.39
2025-09-19|3643.29|3685.25|3632.18|3685.11
2025-09-22|3684.78|3748.85|3683.66|3746.87
2025-09-23|3745.46|3791.12|3736.45|3764.04
2025-09-24|3766.03|3779.23|3717.39|3736.08
2025-09-25|3738.94|3761.61|3722.09|3749.40
2025-09-26|3748.66|3783.78|3734.45|3761.24
2025-09-29|3760.57|3834.17|3760.57|3833.78
2025-09-30|3830.94|3871.74|3793.10|3858.25
2025-10-01|3857.44|3895.28|3853.28|3865.49
2025-10-02|3869.01|3896.91|3819.08|3856.14
2025-10-03|3857.48|3891.64|3838.00|3886.75
2025-10-06|3887.05|3969.90|3884.24|3961.04
2025-10-07|3958.39|3991.11|3940.64|3984.49
2025-10-08|3985.08|4059.15|3983.52|4041.67
2025-10-09|4040.39|4057.94|3944.49|3976.03
2025-10-10|3979.47|4022.89|3946.65|4018.46
2025-10-13|4012.06|4116.90|4007.39|4110.60
2025-10-14|4110.64|4179.72|4090.50|4142.15
2025-10-15|4143.01|4218.32|4140.75|4208.27
2025-10-16|4209.54|4330.75|4199.93|4326.25
2025-10-17|4335.41|4379.22|4186.44|4246.83
2025-10-20|4243.50|4381.38|4218.95|4356.45
2025-10-21|4358.70|4375.26|4081.61|4124.93
2025-10-22|4125.52|4161.50|4004.28|4098.23
2025-10-23|4104.99|4154.89|4066.18|4126.00
2025-10-24|4128.98|4144.39|4044.19|4112.84
2025-10-27|4076.86|4109.12|3971.27|3981.35
2025-10-28|3980.96|4019.69|3886.62|3952.47
2025-10-29|3955.53|4030.32|3915.66|3930.47
2025-10-30|3926.48|4027.14|3915.33|4024.17
2025-10-31|4022.54|4046.20|3972.24|4003.18
2025-11-03|3983.73|4030.55|3962.52|4001.20
2025-11-04|4002.42|4005.74|3928.52|3931.74
2025-11-05|3933.71|3990.48|3929.71|3979.19
2025-11-06|3977.21|4019.63|3964.48|3976.79
2025-11-07|3975.12|4027.48|3974.85|4001.15
2025-11-10|3999.21|4116.67|3999.11|4115.96
2025-11-11|4116.61|4149.00|4096.95|4126.97
2025-11-12|4129.54|4211.77|4098.71|4195.61
2025-11-13|4203.15|4245.12|4145.33|4171.32
2025-11-14|4172.25|4211.27|4032.27|4084.72
2025-11-17|4082.52|4106.61|4006.91|4045.52
2025-11-18|4051.34|4082.22|3997.70|4067.63
2025-11-19|4068.81|4132.81|4055.57|4077.97
2025-11-20|4080.02|4110.06|4038.76|4077.26
2025-11-21|4074.60|4101.16|4022.39|4065.80
2025-11-24|4068.96|4139.99|4039.91|4134.78
2025-11-25|4133.73|4159.25|4109.49|4130.59
2025-11-26|4132.59|4173.45|4129.66|4163.91
2025-11-27|4165.09|4168.78|4142.53|4157.35
2025-11-28|4159.71|4226.82|4152.58|4219.29
2025-12-01|4229.15|4264.59|4205.56|4232.16
2025-12-02|4228.59|4236.00|4163.42|4205.42
2025-12-03|4205.93|4241.49|4194.63|4203.08
2025-12-04|4204.52|4219.29|4175.07|4208.59
2025-12-05|4207.10|4259.32|4191.87|4196.32
2025-12-08|4196.08|4219.02|4176.30|4190.46
2025-12-09|4191.09|4221.31|4169.77|4208.32
2025-12-10|4209.56|4238.77|4181.80|4228.56
2025-12-11|4229.64|4285.94|4204.48|4279.79
2025-12-12|4281.49|4353.54|4257.28|4300.22
2025-12-15|4295.98|4350.43|4285.32|4305.04
2025-12-16|4306.80|4335.01|4271.44|4302.16
2025-12-17|4301.01|4349.16|4301.01|4338.31
2025-12-18|4337.77|4374.63|4308.51|4332.51
2025-12-19|4334.04|4356.47|4309.38|4338.60
2025-12-22|4338.52|4449.01|4338.06|4443.68
2025-12-23|4447.56|4499.75|4430.48|4484.70
2025-12-24|4486.01|4525.76|4448.09|4479.37
2025-12-26|4498.82|4549.86|4479.87|4531.68
2025-12-29|4548.84|4549.09|4302.49|4331.77
2025-12-30|4336.51|4404.26|4323.23|4338.48
2025-12-31|4342.55|4373.42|4274.02|4311.63
2026-01-02|4328.78|4402.33|4309.72|4332.70
2026-01-05|4353.22|4455.78|4345.29|4448.98
2026-01-06|4451.02|4497.26|4427.65|4494.79
2026-01-07|4496.24|4500.68|4423.17|4456.51
2026-01-08|4459.46|4479.45|4407.47|4477.36
2026-01-09|4482.65|4517.20|4452.67|4510.04
2026-01-12|4521.41|4630.01|4512.67|4597.54
2026-01-13|4607.78|4634.65|4569.65|4586.62
2026-01-14|4591.56|4642.90|4589.32|4626.40
2026-01-15|4631.75|4632.45|4581.02|4615.60
2026-01-16|4617.52|4620.82|4536.56|4595.40
2026-01-19|4633.93|4690.66|4629.29|4670.95
2026-01-20|4675.10|4766.31|4659.46|4763.55
2026-01-21|4760.68|4888.52|4755.55|4831.25
2026-01-22|4832.00|4940.83|4772.49|4936.30
2026-01-23|4944.43|4989.84|4899.76|4985.91
2026-01-26|5008.85|5111.23|4989.92|5008.22
2026-01-27|5022.86|5190.21|5013.76|5181.14
2026-01-28|5172.51|5419.10|5157.13|5417.51
2026-01-29|5422.61|5597.91|5098.65|5370.50
2026-01-30|5400.04|5450.96|4681.35|4882.54
2026-02-02|4781.13|4884.79|4402.72|4660.02
2026-02-03|4677.34|4993.70|4677.32|4946.65
2026-02-04|4962.55|5091.93|4853.42|4964.50
2026-02-05|4980.35|5023.76|4759.82|4779.25
2026-02-06|4761.51|4971.43|4654.86|4963.97
2026-02-09|4990.56|5086.28|4964.97|5058.18
2026-02-10|5067.96|5078.54|4987.25|5025.21
2026-02-11|5027.37|5118.92|5017.79|5084.42
2026-02-12|5096.67|5099.96|4878.61|4921.80
2026-02-13|4889.84|5046.09|4887.12|5042.83
2026-02-16|5035.13|5035.41|4965.21|4993.63
2026-02-17|4991.65|5000.87|4841.90|4877.36
2026-02-18|4869.58|5010.89|4854.08|4977.20
2026-02-19|4977.11|5022.28|4960.07|4996.14
2026-02-20|5003.18|5106.88|4981.58|5103.76
2026-02-23|5109.06|5237.62|5107.83|5227.61
2026-02-24|5230.95|5249.73|5093.44|5143.69
2026-02-25|5141.52|5217.55|5120.74|5164.94
2026-02-26|5165.12|5205.51|5130.30|5184.90
2026-02-27|5188.23|5280.78|5166.99|5279.95
2026-03-02|5315.78|5419.15|5260.70|5321.97
2026-03-03|5334.19|5379.73|4996.22|5088.16
2026-03-04|5109.80|5206.10|5084.03|5141.00
2026-03-05|5150.07|5194.93|5050.68|5080.88
2026-03-06|5083.76|5174.61|5062.44|5171.06
2026-03-09|5190.43|5192.04|5014.58|5136.60
2026-03-10|5148.47|5238.60|5117.51|5192.66
2026-03-11|5190.10|5223.02|5148.96|5176.09
2026-03-12|5182.09|5191.68|5054.86|5079.24
2026-03-13|5074.80|5128.47|5009.59|5021.27
2026-03-16|5010.84|5038.02|4967.24|5006.19
2026-03-17|5010.94|5044.27|4973.75|5005.45
2026-03-18|5005.02|5016.20|4807.03|4818.83
2026-03-19|4829.45|4867.02|4502.69|4650.30
2026-03-20|4659.03|4735.93|4477.38|4496.99
2026-03-23|4487.05|4536.14|4099.02|4406.64
2026-03-24|4419.92|4484.40|4305.94|4474.53
2026-03-25|4476.41|4602.43|4456.14|4506.34
2026-03-26|4517.24|4543.95|4351.07|4378.37
2026-03-27|4384.07|4555.29|4375.35|4495.03
2026-03-30|4485.85|4580.57|4420.07|4511.12
2026-03-31|4514.26|4687.13|4482.59|4667.07
2026-04-01|4681.75|4793.00|4661.61|4758.08
2026-04-02|4759.25|4800.26|4554.19|4676.12
